112
1 1 1 1    1.00000000E+00
1 1 2 2    1.00000000E+00
1 1 3 3    1.00000000E+00
1 1 4 4    1.00000000E+00
1 2 1 2    1.00000000E+00
1 2 2 1    1.00000000E+00
1 2 2 3    1.41421356E+00
1 2 3 2    1.41421356E+00
1 2 3 4    1.73205081E+00
1 2 4 3    1.73205081E+00
1 3 1 3    1.00000000E+00
1 3 2 2    1.41421356E+00
1 3 2 4    1.73205081E+00
1 3 3 1    1.00000000E+00
1 3 3 3    2.82842712E+00
1 3 4 2    1.73205081E+00
1 3 4 4    4.24264069E+00
1 4 1 4    1.00000000E+00
1 4 2 3    1.73205081E+00
1 4 3 2    1.73205081E+00
1 4 3 4    4.24264069E+00
1 4 4 1    1.00000000E+00
1 4 4 3    4.24264069E+00
2 1 1 2    1.00000000E+00
2 1 2 1    1.00000000E+00
2 1 2 3    1.41421356E+00
2 1 3 2    1.41421356E+00
2 1 3 4    1.73205081E+00
2 1 4 3    1.73205081E+00
2 2 1 1    1.00000000E+00
2 2 1 3    1.41421356E+00
2 2 2 2    3.00000000E+00
2 2 2 4    2.44948974E+00
2 2 3 1    1.41421356E+00
2 2 3 3    5.00000000E+00
2 2 4 2    2.44948974E+00
2 2 4 4    7.00000000E+00
2 3 1 2    1.41421356E+00
2 3 1 4    1.73205081E+00
2 3 2 1    1.41421356E+00
2 3 2 3    5.00000000E+00
2 3 3 2    5.00000000E+00
2 3 3 4    9.79795897E+00
2 3 4 1    1.73205081E+00
2 3 4 3    9.79795897E+00
2 4 1 3    1.73205081E+00
2 4 2 2    2.44948974E+00
2 4 2 4    7.00000000E+00
2 4 3 1    1.73205081E+00
2 4 3 3    9.79795897E+00
2 4 4 2    7.00000000E+00
2 4 4 4    2.20454077E+01
3 1 1 3    1.00000000E+00
3 1 2 2    1.41421356E+00
3 1 2 4    1.73205081E+00
3 1 3 1    1.00000000E+00
3 1 3 3    2.82842712E+00
3 1 4 2    1.73205081E+00
3 1 4 4    4.24264069E+00
3 2 1 2    1.41421356E+00
3 2 1 4    1.73205081E+00
3 2 2 1    1.41421356E+00
3 2 2 3    5.00000000E+00
3 2 3 2    5.00000000E+00
3 2 3 4    9.79795897E+00
3 2 4 1    1.73205081E+00
3 2 4 3    9.79795897E+00
3 3 1 1    1.00000000E+00
3 3 1 3    2.82842712E+00
3 3 2 2    5.00000000E+00
3 3 2 4    9.79795897E+00
3 3 3 1    2.82842712E+00
3 3 3 3    1.50000000E+01
3 3 4 2    9.79795897E+00
3 3 4 4    3.10000000E+01
3 4 1 2    1.73205081E+00
3 4 1 4    4.24264069E+00
3 4 2 1    1.73205081E+00
3 4 2 3    9.79795897E+00
3 4 3 2    9.79795897E+00
3 4 3 4    3.10000000E+01
3 4 4 1    4.24264069E+00
3 4 4 3    3.10000000E+01
4 1 1 4    1.00000000E+00
4 1 2 3    1.73205081E+00
4 1 3 2    1.73205081E+00
4 1 3 4    4.24264069E+00
4 1 4 1    1.00000000E+00
4 1 4 3    4.24264069E+00
4 2 1 3    1.73205081E+00
4 2 2 2    2.44948974E+00
4 2 2 4    7.00000000E+00
4 2 3 1    1.73205081E+00
4 2 3 3    9.79795897E+00
4 2 4 2    7.00000000E+00
4 2 4 4    2.20454077E+01
4 3 1 2    1.73205081E+00
4 3 1 4    4.24264069E+00
4 3 2 1    1.73205081E+00
4 3 2 3    9.79795897E+00
4 3 3 2    9.79795897E+00
4 3 3 4    3.10000000E+01
4 3 4 1    4.24264069E+00
4 3 4 3    3.10000000E+01
4 4 1 1    1.00000000E+00
4 4 1 3    4.24264069E+00
4 4 2 2    7.00000000E+00
4 4 2 4    2.20454077E+01
4 4 3 1    4.24264069E+00
4 4 3 3    3.10000000E+01
4 4 4 2    2.20454077E+01
4 4 4 4    9.30000000E+01
