41
1 1 1    1.00000000E+00
1 2 2    1.00000000E+00
1 3 3    1.00000000E+00
1 4 4    1.00000000E+00
1 5 5    1.00000000E+00
1 6 6    1.00000000E+00
1 7 7    1.00000000E+00
1 8 8    1.00000000E+00
2 1 2    1.00000000E+00
2 2 1    1.00000000E+00
2 2 3    1.41421356E+00
2 3 2    1.41421356E+00
2 3 4    1.73205081E+00
2 4 3    1.73205081E+00
2 4 5    2.00000000E+00
2 5 4    2.00000000E+00
2 5 6    2.23606798E+00
2 6 5    2.23606798E+00
2 6 7    2.44948974E+00
2 7 6    2.44948974E+00
2 7 8    2.64575131E+00
2 8 7    2.64575131E+00
3 1 3    1.00000000E+00
3 2 2    1.41421356E+00
3 2 4    1.73205081E+00
3 3 1    1.00000000E+00
3 3 3    2.82842712E+00
3 3 5    2.44948974E+00
3 4 2    1.73205081E+00
3 4 4    4.24264069E+00
3 4 6    3.16227766E+00
3 5 3    2.44948974E+00
3 5 5    5.65685425E+00
3 5 7    3.87298335E+00
3 6 4    3.16227766E+00
3 6 6    7.07106781E+00
3 6 8    4.58257569E+00
3 7 5    3.87298335E+00
3 7 7    8.48528137E+00
3 8 6    4.58257569E+00
3 8 8    9.89949494E+00
