89
1 1 1    1.00000000E+00
1 2 2    1.00000000E+00
1 3 3    1.00000000E+00
1 4 4    1.00000000E+00
1 5 5    1.00000000E+00
1 6 6    1.00000000E+00
1 7 7    1.00000000E+00
1 8 8    1.00000000E+00
1 9 9    1.00000000E+00
1 10 10    1.00000000E+00
1 11 11    1.00000000E+00
1 12 12    1.00000000E+00
1 13 13    1.00000000E+00
1 14 14    1.00000000E+00
1 15 15    1.00000000E+00
1 16 16    1.00000000E+00
2 1 2    1.00000000E+00
2 2 1    1.00000000E+00
2 2 3    1.41421356E+00
2 3 2    1.41421356E+00
2 3 4    1.73205081E+00
2 4 3    1.73205081E+00
2 4 5    2.00000000E+00
2 5 4    2.00000000E+00
2 5 6    2.23606798E+00
2 6 5    2.23606798E+00
2 6 7    2.44948974E+00
2 7 6    2.44948974E+00
2 7 8    2.64575131E+00
2 8 7    2.64575131E+00
2 8 9    2.82842712E+00
2 9 8    2.82842712E+00
2 9 10    3.00000000E+00
2 10 9    3.00000000E+00
2 10 11    3.16227766E+00
2 11 10    3.16227766E+00
2 11 12    3.31662479E+00
2 12 11    3.31662479E+00
2 12 13    3.46410162E+00
2 13 12    3.46410162E+00
2 13 14    3.60555128E+00
2 14 13    3.60555128E+00
2 14 15    3.74165739E+00
2 15 14    3.74165739E+00
2 15 16    3.87298335E+00
2 16 15    3.87298335E+00
3 1 3    1.00000000E+00
3 2 2    1.41421356E+00
3 2 4    1.73205081E+00
3 3 1    1.00000000E+00
3 3 3    2.82842712E+00
3 3 5    2.44948974E+00
3 4 2    1.73205081E+00
3 4 4    4.24264069E+00
3 4 6    3.16227766E+00
3 5 3    2.44948974E+00
3 5 5    5.65685425E+00
3 5 7    3.87298335E+00
3 6 4    3.16227766E+00
3 6 6    7.07106781E+00
3 6 8    4.58257569E+00
3 7 5    3.87298335E+00
3 7 7    8.48528137E+00
3 7 9    5.29150262E+00
3 8 6    4.58257569E+00
3 8 8    9.89949494E+00
3 8 10    6.00000000E+00
3 9 7    5.29150262E+00
3 9 9    1.13137085E+01
3 9 11    6.70820393E+00
3 10 8    6.00000000E+00
3 10 10    1.27279221E+01
3 10 12    7.41619849E+00
3 11 9    6.70820393E+00
3 11 11    1.41421356E+01
3 11 13    8.12403840E+00
3 12 10    7.41619849E+00
3 12 12    1.55563492E+01
3 12 14    8.83176087E+00
3 13 11    8.12403840E+00
3 13 13    1.69705627E+01
3 13 15    9.53939201E+00
3 14 12    8.83176087E+00
3 14 14    1.83847763E+01
3 14 16    1.02469508E+01
3 15 13    9.53939201E+00
3 15 15    1.97989899E+01
3 16 14    1.02469508E+01
3 16 16    2.12132034E+01
