23
1 1 1    1.00000000E+00
1 2 2    1.00000000E+00
1 3 3    1.00000000E+00
1 4 4    1.00000000E+00
1 5 5    1.00000000E+00
2 1 2    1.00000000E+00
2 2 1    1.00000000E+00
2 2 3    1.41421356E+00
2 3 2    1.41421356E+00
2 3 4    1.73205081E+00
2 4 3    1.73205081E+00
2 4 5    2.00000000E+00
2 5 4    2.00000000E+00
3 1 3    1.00000000E+00
3 2 2    1.41421356E+00
3 2 4    1.73205081E+00
3 3 1    1.00000000E+00
3 3 3    2.82842712E+00
3 3 5    2.44948974E+00
3 4 2    1.73205081E+00
3 4 4    4.24264069E+00
3 5 3    2.44948974E+00
3 5 5    5.65685425E+00
