801
1 1 1    1.00000000E+00
1 2 2    1.00000000E+00
1 3 3    1.00000000E+00
1 4 4    1.00000000E+00
1 5 5    1.00000000E+00
1 6 6    1.00000000E+00
1 7 7    1.00000000E+00
1 8 8    1.00000000E+00
1 9 9    1.00000000E+00
1 10 10    1.00000000E+00
1 11 11    1.00000000E+00
1 12 12    1.00000000E+00
1 13 13    1.00000000E+00
1 14 14    1.00000000E+00
1 15 15    1.00000000E+00
1 16 16    1.00000000E+00
1 17 17    1.00000000E+00
1 18 18    1.00000000E+00
1 19 19    1.00000000E+00
1 20 20    1.00000000E+00
1 21 21    1.00000000E+00
2 1 2    1.00000000E+00
2 2 1    1.00000000E+00
2 2 4    1.41421356E+00
2 3 5    1.00000000E+00
2 4 2    1.41421356E+00
2 4 7    1.73205081E+00
2 5 3    1.00000000E+00
2 5 8    1.41421356E+00
2 6 9    1.00000000E+00
2 7 4    1.73205081E+00
2 7 11    2.00000000E+00
2 8 5    1.41421356E+00
2 8 12    1.73205081E+00
2 9 6    1.00000000E+00
2 9 13    1.41421356E+00
2 10 14    1.00000000E+00
2 11 7    2.00000000E+00
2 11 16    2.23606798E+00
2 12 8    1.73205081E+00
2 12 17    2.00000000E+00
2 13 9    1.41421356E+00
2 13 18    1.73205081E+00
2 14 10    1.00000000E+00
2 14 19    1.41421356E+00
2 15 20    1.00000000E+00
2 16 11    2.23606798E+00
2 17 12    2.00000000E+00
2 18 13    1.73205081E+00
2 19 14    1.41421356E+00
2 20 15    1.00000000E+00
3 1 3    1.00000000E+00
3 2 5    1.00000000E+00
3 3 1    1.00000000E+00
3 3 6    1.41421356E+00
3 4 8    1.00000000E+00
3 5 2    1.00000000E+00
3 5 9    1.41421356E+00
3 6 3    1.41421356E+00
3 6 10    1.73205081E+00
3 7 12    1.00000000E+00
3 8 4    1.00000000E+00
3 8 13    1.41421356E+00
3 9 5    1.41421356E+00
3 9 14    1.73205081E+00
3 10 6    1.73205081E+00
3 10 15    2.00000000E+00
3 11 17    1.00000000E+00
3 12 7    1.00000000E+00
3 12 18    1.41421356E+00
3 13 8    1.41421356E+00
3 13 19    1.73205081E+00
3 14 9    1.73205081E+00
3 14 20    2.00000000E+00
3 15 10    2.00000000E+00
3 15 21    2.23606798E+00
3 17 11    1.00000000E+00
3 18 12    1.41421356E+00
3 19 13    1.73205081E+00
3 20 14    2.00000000E+00
3 21 15    2.23606798E+00
4 1 4    1.00000000E+00
4 2 2    1.41421356E+00
4 2 7    1.73205081E+00
4 3 8    1.00000000E+00
4 4 1    1.00000000E+00
4 4 4    2.82842712E+00
4 4 11    2.44948974E+00
4 5 5    1.41421356E+00
4 5 12    1.73205081E+00
4 6 13    1.00000000E+00
4 7 2    1.73205081E+00
4 7 7    4.24264069E+00
4 7 16    3.16227766E+00
4 8 3    1.00000000E+00
4 8 8    2.82842712E+00
4 8 17    2.44948974E+00
4 9 9    1.41421356E+00
4 9 18    1.73205081E+00
4 10 19    1.00000000E+00
4 11 4    2.44948974E+00
4 11 11    5.65685425E+00
4 12 5    1.73205081E+00
4 12 12    4.24264069E+00
4 13 6    1.00000000E+00
4 13 13    2.82842712E+00
4 14 14    1.41421356E+00
4 16 7    3.16227766E+00
4 16 16    7.07106781E+00
4 17 8    2.44948974E+00
4 17 17    5.65685425E+00
4 18 9    1.73205081E+00
4 18 18    4.24264069E+00
4 19 10    1.00000000E+00
4 19 19    2.82842712E+00
4 20 20    1.41421356E+00
5 1 5    1.00000000E+00
5 2 3    1.00000000E+00
5 2 8    1.41421356E+00
5 3 2    1.00000000E+00
5 3 9    1.41421356E+00
5 4 5    1.41421356E+00
5 4 12    1.73205081E+00
5 5 1    1.00000000E+00
5 5 4    1.41421356E+00
5 5 6    1.41421356E+00
5 5 13    2.00000000E+00
5 6 5    1.41421356E+00
5 6 14    1.73205081E+00
5 7 8    1.73205081E+00
5 7 17    2.00000000E+00
5 8 2    1.41421356E+00
5 8 7    1.73205081E+00
5 8 9    2.00000000E+00
5 8 18    2.44948974E+00
5 9 3    1.41421356E+00
5 9 8    2.00000000E+00
5 9 10    1.73205081E+00
5 9 19    2.44948974E+00
5 10 9    1.73205081E+00
5 10 20    2.00000000E+00
5 11 12    2.00000000E+00
5 12 4    1.73205081E+00
5 12 11    2.00000000E+00
5 12 13    2.44948974E+00
5 13 5    2.00000000E+00
5 13 12    2.44948974E+00
5 13 14    2.44948974E+00
5 14 6    1.73205081E+00
5 14 13    2.44948974E+00
5 14 15    2.00000000E+00
5 15 14    2.00000000E+00
5 16 17    2.23606798E+00
5 17 7    2.00000000E+00
5 17 16    2.23606798E+00
5 17 18    2.82842712E+00
5 18 8    2.44948974E+00
5 18 17    2.82842712E+00
5 18 19    3.00000000E+00
5 19 9    2.44948974E+00
5 19 18    3.00000000E+00
5 19 20    2.82842712E+00
5 20 10    2.00000000E+00
5 20 19    2.82842712E+00
5 20 21    2.23606798E+00
5 21 20    2.23606798E+00
6 1 6    1.00000000E+00
6 2 9    1.00000000E+00
6 3 3    1.41421356E+00
6 3 10    1.73205081E+00
6 4 13    1.00000000E+00
6 5 5    1.41421356E+00
6 5 14    1.73205081E+00
6 6 1    1.00000000E+00
6 6 6    2.82842712E+00
6 6 15    2.44948974E+00
6 7 18    1.00000000E+00
6 8 8    1.41421356E+00
6 8 19    1.73205081E+00
6 9 2    1.00000000E+00
6 9 9    2.82842712E+00
6 9 20    2.44948974E+00
6 10 3    1.73205081E+00
6 10 10    4.24264069E+00
6 10 21    3.16227766E+00
6 12 12    1.41421356E+00
6 13 4    1.00000000E+00
6 13 13    2.82842712E+00
6 14 5    1.73205081E+00
6 14 14    4.24264069E+00
6 15 6    2.44948974E+00
6 15 15    5.65685425E+00
6 17 17    1.41421356E+00
6 18 7    1.00000000E+00
6 18 18    2.82842712E+00
6 19 8    1.73205081E+00
6 19 19    4.24264069E+00
6 20 9    2.44948974E+00
6 20 20    5.65685425E+00
6 21 10    3.16227766E+00
6 21 21    7.07106781E+00
7 1 7    1.00000000E+00
7 2 4    1.73205081E+00
7 2 11    2.00000000E+00
7 3 12    1.00000000E+00
7 4 2    1.73205081E+00
7 4 7    4.24264069E+00
7 4 16    3.16227766E+00
7 5 8    1.73205081E+00
7 5 17    2.00000000E+00
7 6 18    1.00000000E+00
7 7 1    1.00000000E+00
7 7 4    4.24264069E+00
7 7 11    7.34846923E+00
7 8 5    1.73205081E+00
7 8 12    4.24264069E+00
7 9 13    1.73205081E+00
7 11 2    2.00000000E+00
7 11 7    7.34846923E+00
7 11 16    1.09544512E+01
7 12 3    1.00000000E+00
7 12 8    4.24264069E+00
7 12 17    7.34846923E+00
7 13 9    1.73205081E+00
7 13 18    4.24264069E+00
7 14 19    1.73205081E+00
7 16 4    3.16227766E+00
7 16 11    1.09544512E+01
7 17 5    2.00000000E+00
7 17 12    7.34846923E+00
7 18 6    1.00000000E+00
7 18 13    4.24264069E+00
7 19 14    1.73205081E+00
8 1 8    1.00000000E+00
8 2 5    1.41421356E+00
8 2 12    1.73205081E+00
8 3 4    1.00000000E+00
8 3 13    1.41421356E+00
8 4 3    1.00000000E+00
8 4 8    2.82842712E+00
8 4 17    2.44948974E+00
8 5 2    1.41421356E+00
8 5 7    1.73205081E+00
8 5 9    2.00000000E+00
8 5 18    2.44948974E+00
8 6 8    1.41421356E+00
8 6 19    1.73205081E+00
8 7 5    1.73205081E+00
8 7 12    4.24264069E+00
8 8 1    1.00000000E+00
8 8 4    2.82842712E+00
8 8 6    1.41421356E+00
8 8 11    2.44948974E+00
8 8 13    4.00000000E+00
8 9 5    2.00000000E+00
8 9 12    2.44948974E+00
8 9 14    2.44948974E+00
8 10 13    1.73205081E+00
8 11 8    2.44948974E+00
8 11 17    5.65685425E+00
8 12 2    1.73205081E+00
8 12 7    4.24264069E+00
8 12 9    2.44948974E+00
8 12 16    3.16227766E+00
8 12 18    6.00000000E+00
8 13 3    1.41421356E+00
8 13 8    4.00000000E+00
8 13 10    1.73205081E+00
8 13 17    3.46410162E+00
8 13 19    4.89897949E+00
8 14 9    2.44948974E+00
8 14 18    3.00000000E+00
8 14 20    2.82842712E+00
8 15 19    2.00000000E+00
8 16 12    3.16227766E+00
8 17 4    2.44948974E+00
8 17 11    5.65685425E+00
8 17 13    3.46410162E+00
8 18 5    2.44948974E+00
8 18 12    6.00000000E+00
8 18 14    3.00000000E+00
8 19 6    1.73205081E+00
8 19 13    4.89897949E+00
8 19 15    2.00000000E+00
8 20 14    2.82842712E+00
9 1 9    1.00000000E+00
9 2 6    1.00000000E+00
9 2 13    1.41421356E+00
9 3 5    1.41421356E+00
9 3 14    1.73205081E+00
9 4 9    1.41421356E+00
9 4 18    1.73205081E+00
9 5 3    1.41421356E+00
9 5 8    2.00000000E+00
9 5 10    1.73205081E+00
9 5 19    2.44948974E+00
9 6 2    1.00000000E+00
9 6 9    2.82842712E+00
9 6 20    2.44948974E+00
9 7 13    1.73205081E+00
9 8 5    2.00000000E+00
9 8 12    2.44948974E+00
9 8 14    2.44948974E+00
9 9 1    1.00000000E+00
9 9 4    1.41421356E+00
9 9 6    2.82842712E+00
9 9 13    4.00000000E+00
9 9 15    2.44948974E+00
9 10 5    1.73205081E+00
9 10 14    4.24264069E+00
9 11 18    2.00000000E+00
9 12 8    2.44948974E+00
9 12 17    2.82842712E+00
9 12 19    3.00000000E+00
9 13 2    1.41421356E+00
9 13 7    1.73205081E+00
9 13 9    4.00000000E+00
9 13 18    4.89897949E+00
9 13 20    3.46410162E+00
9 14 3    1.73205081E+00
9 14 8    2.44948974E+00
9 14 10    4.24264069E+00
9 14 19    6.00000000E+00
9 14 21    3.16227766E+00
9 15 9    2.44948974E+00
9 15 20    5.65685425E+00
9 17 12    2.82842712E+00
9 18 4    1.73205081E+00
9 18 11    2.00000000E+00
9 18 13    4.89897949E+00
9 19 5    2.44948974E+00
9 19 12    3.00000000E+00
9 19 14    6.00000000E+00
9 20 6    2.44948974E+00
9 20 13    3.46410162E+00
9 20 15    5.65685425E+00
9 21 14    3.16227766E+00
10 1 10    1.00000000E+00
10 2 14    1.00000000E+00
10 3 6    1.73205081E+00
10 3 15    2.00000000E+00
10 4 19    1.00000000E+00
10 5 9    1.73205081E+00
10 5 20    2.00000000E+00
10 6 3    1.73205081E+00
10 6 10    4.24264069E+00
10 6 21    3.16227766E+00
10 8 13    1.73205081E+00
10 9 5    1.73205081E+00
10 9 14    4.24264069E+00
10 10 1    1.00000000E+00
10 10 6    4.24264069E+00
10 10 15    7.34846923E+00
10 12 18    1.73205081E+00
10 13 8    1.73205081E+00
10 13 19    4.24264069E+00
10 14 2    1.00000000E+00
10 14 9    4.24264069E+00
10 14 20    7.34846923E+00
10 15 3    2.00000000E+00
10 15 10    7.34846923E+00
10 15 21    1.09544512E+01
10 18 12    1.73205081E+00
10 19 4    1.00000000E+00
10 19 13    4.24264069E+00
10 20 5    2.00000000E+00
10 20 14    7.34846923E+00
10 21 6    3.16227766E+00
10 21 15    1.09544512E+01
11 1 11    1.00000000E+00
11 2 7    2.00000000E+00
11 2 16    2.23606798E+00
11 3 17    1.00000000E+00
11 4 4    2.44948974E+00
11 4 11    5.65685425E+00
11 5 12    2.00000000E+00
11 7 2    2.00000000E+00
11 7 7    7.34846923E+00
11 7 16    1.09544512E+01
11 8 8    2.44948974E+00
11 8 17    5.65685425E+00
11 9 18    2.00000000E+00
11 11 1    1.00000000E+00
11 11 4    5.65685425E+00
11 11 11    1.46969385E+01
11 12 5    2.00000000E+00
11 12 12    7.34846923E+00
11 13 13    2.44948974E+00
11 16 2    2.23606798E+00
11 16 7    1.09544512E+01
11 16 16    2.44948974E+01
11 17 3    1.00000000E+00
11 17 8    5.65685425E+00
11 17 17    1.46969385E+01
11 18 9    2.00000000E+00
11 18 18    7.34846923E+00
11 19 19    2.44948974E+00
12 1 12    1.00000000E+00
12 2 8    1.73205081E+00
12 2 17    2.00000000E+00
12 3 7    1.00000000E+00
12 3 18    1.41421356E+00
12 4 5    1.73205081E+00
12 4 12    4.24264069E+00
12 5 4    1.73205081E+00
12 5 11    2.00000000E+00
12 5 13    2.44948974E+00
12 6 12    1.41421356E+00
12 7 3    1.00000000E+00
12 7 8    4.24264069E+00
12 7 17    7.34846923E+00
12 8 2    1.73205081E+00
12 8 7    4.24264069E+00
12 8 9    2.44948974E+00
12 8 16    3.16227766E+00
12 8 18    6.00000000E+00
12 9 8    2.44948974E+00
12 9 17    2.82842712E+00
12 9 19    3.00000000E+00
12 10 18    1.73205081E+00
12 11 5    2.00000000E+00
12 11 12    7.34846923E+00
12 12 1    1.00000000E+00
12 12 4    4.24264069E+00
12 12 6    1.41421356E+00
12 12 11    7.34846923E+00
12 12 13    6.00000000E+00
12 13 5    2.44948974E+00
12 13 12    6.00000000E+00
12 13 14    3.00000000E+00
12 14 13    3.00000000E+00
12 16 8    3.16227766E+00
12 16 17    1.09544512E+01
12 17 2    2.00000000E+00
12 17 7    7.34846923E+00
12 17 9    2.82842712E+00
12 17 16    1.09544512E+01
12 17 18    1.03923048E+01
12 18 3    1.41421356E+00
12 18 8    6.00000000E+00
12 18 10    1.73205081E+00
12 18 17    1.03923048E+01
12 18 19    7.34846923E+00
12 19 9    3.00000000E+00
12 19 18    7.34846923E+00
12 19 20    3.46410162E+00
12 20 19    3.46410162E+00
13 1 13    1.00000000E+00
13 2 9    1.41421356E+00
13 2 18    1.73205081E+00
13 3 8    1.41421356E+00
13 3 19    1.73205081E+00
13 4 6    1.00000000E+00
13 4 13    2.82842712E+00
13 5 5    2.00000000E+00
13 5 12    2.44948974E+00
13 5 14    2.44948974E+00
13 6 4    1.00000000E+00
13 6 13    2.82842712E+00
13 7 9    1.73205081E+00
13 7 18    4.24264069E+00
13 8 3    1.41421356E+00
13 8 8    4.00000000E+00
13 8 10    1.73205081E+00
13 8 17    3.46410162E+00
13 8 19    4.89897949E+00
13 9 2    1.41421356E+00
13 9 7    1.73205081E+00
13 9 9    4.00000000E+00
13 9 18    4.89897949E+00
13 9 20    3.46410162E+00
13 10 8    1.73205081E+00
13 10 19    4.24264069E+00
13 11 13    2.44948974E+00
13 12 5    2.44948974E+00
13 12 12    6.00000000E+00
13 12 14    3.00000000E+00
13 13 1    1.00000000E+00
13 13 4    2.82842712E+00
13 13 6    2.82842712E+00
13 13 11    2.44948974E+00
13 13 13    8.00000000E+00
13 13 15    2.44948974E+00
13 14 5    2.44948974E+00
13 14 12    3.00000000E+00
13 14 14    6.00000000E+00
13 15 13    2.44948974E+00
13 16 18    3.16227766E+00
13 17 8    3.46410162E+00
13 17 17    8.00000000E+00
13 17 19    4.24264069E+00
13 18 2    1.73205081E+00
13 18 7    4.24264069E+00
13 18 9    4.89897949E+00
13 18 16    3.16227766E+00
13 18 18    1.20000000E+01
13 18 20    4.24264069E+00
13 19 3    1.73205081E+00
13 19 8    4.89897949E+00
13 19 10    4.24264069E+00
13 19 17    4.24264069E+00
13 19 19    1.20000000E+01
13 19 21    3.16227766E+00
13 20 9    3.46410162E+00
13 20 18    4.24264069E+00
13 20 20    8.00000000E+00
13 21 19    3.16227766E+00
14 1 14    1.00000000E+00
14 2 10    1.00000000E+00
14 2 19    1.41421356E+00
14 3 9    1.73205081E+00
14 3 20    2.00000000E+00
14 4 14    1.41421356E+00
14 5 6    1.73205081E+00
14 5 13    2.44948974E+00
14 5 15    2.00000000E+00
14 6 5    1.73205081E+00
14 6 14    4.24264069E+00
14 7 19    1.73205081E+00
14 8 9    2.44948974E+00
14 8 18    3.00000000E+00
14 8 20    2.82842712E+00
14 9 3    1.73205081E+00
14 9 8    2.44948974E+00
14 9 10    4.24264069E+00
14 9 19    6.00000000E+00
14 9 21    3.16227766E+00
14 10 2    1.00000000E+00
14 10 9    4.24264069E+00
14 10 20    7.34846923E+00
14 12 13    3.00000000E+00
14 13 5    2.44948974E+00
14 13 12    3.00000000E+00
14 13 14    6.00000000E+00
14 14 1    1.00000000E+00
14 14 4    1.41421356E+00
14 14 6    4.24264069E+00
14 14 13    6.00000000E+00
14 14 15    7.34846923E+00
14 15 5    2.00000000E+00
14 15 14    7.34846923E+00
14 17 18    3.46410162E+00
14 18 8    3.00000000E+00
14 18 17    3.46410162E+00
14 18 19    7.34846923E+00
14 19 2    1.41421356E+00
14 19 7    1.73205081E+00
14 19 9    6.00000000E+00
14 19 18    7.34846923E+00
14 19 20    1.03923048E+01
14 20 3    2.00000000E+00
14 20 8    2.82842712E+00
14 20 10    7.34846923E+00
14 20 19    1.03923048E+01
14 20 21    1.09544512E+01
14 21 9    3.16227766E+00
14 21 20    1.09544512E+01
15 1 15    1.00000000E+00
15 2 20    1.00000000E+00
15 3 10    2.00000000E+00
15 3 21    2.23606798E+00
15 5 14    2.00000000E+00
15 6 6    2.44948974E+00
15 6 15    5.65685425E+00
15 8 19    2.00000000E+00
15 9 9    2.44948974E+00
15 9 20    5.65685425E+00
15 10 3    2.00000000E+00
15 10 10    7.34846923E+00
15 10 21    1.09544512E+01
15 13 13    2.44948974E+00
15 14 5    2.00000000E+00
15 14 14    7.34846923E+00
15 15 1    1.00000000E+00
15 15 6    5.65685425E+00
15 15 15    1.46969385E+01
15 18 18    2.44948974E+00
15 19 8    2.00000000E+00
15 19 19    7.34846923E+00
15 20 2    1.00000000E+00
15 20 9    5.65685425E+00
15 20 20    1.46969385E+01
15 21 3    2.23606798E+00
15 21 10    1.09544512E+01
15 21 21    2.44948974E+01
16 1 16    1.00000000E+00
16 2 11    2.23606798E+00
16 4 7    3.16227766E+00
16 4 16    7.07106781E+00
16 5 17    2.23606798E+00
16 7 4    3.16227766E+00
16 7 11    1.09544512E+01
16 8 12    3.16227766E+00
16 11 2    2.23606798E+00
16 11 7    1.09544512E+01
16 11 16    2.44948974E+01
16 12 8    3.16227766E+00
16 12 17    1.09544512E+01
16 13 18    3.16227766E+00
16 16 1    1.00000000E+00
16 16 4    7.07106781E+00
16 16 11    2.44948974E+01
16 17 5    2.23606798E+00
16 17 12    1.09544512E+01
16 18 13    3.16227766E+00
17 1 17    1.00000000E+00
17 2 12    2.00000000E+00
17 3 11    1.00000000E+00
17 4 8    2.44948974E+00
17 4 17    5.65685425E+00
17 5 7    2.00000000E+00
17 5 16    2.23606798E+00
17 5 18    2.82842712E+00
17 6 17    1.41421356E+00
17 7 5    2.00000000E+00
17 7 12    7.34846923E+00
17 8 4    2.44948974E+00
17 8 11    5.65685425E+00
17 8 13    3.46410162E+00
17 9 12    2.82842712E+00
17 11 3    1.00000000E+00
17 11 8    5.65685425E+00
17 11 17    1.46969385E+01
17 12 2    2.00000000E+00
17 12 7    7.34846923E+00
17 12 9    2.82842712E+00
17 12 16    1.09544512E+01
17 12 18    1.03923048E+01
17 13 8    3.46410162E+00
17 13 17    8.00000000E+00
17 13 19    4.24264069E+00
17 14 18    3.46410162E+00
17 16 5    2.23606798E+00
17 16 12    1.09544512E+01
17 17 1    1.00000000E+00
17 17 4    5.65685425E+00
17 17 6    1.41421356E+00
17 17 11    1.46969385E+01
17 17 13    8.00000000E+00
17 18 5    2.82842712E+00
17 18 12    1.03923048E+01
17 18 14    3.46410162E+00
17 19 13    4.24264069E+00
18 1 18    1.00000000E+00
18 2 13    1.73205081E+00
18 3 12    1.41421356E+00
18 4 9    1.73205081E+00
18 4 18    4.24264069E+00
18 5 8    2.44948974E+00
18 5 17    2.82842712E+00
18 5 19    3.00000000E+00
18 6 7    1.00000000E+00
18 6 18    2.82842712E+00
18 7 6    1.00000000E+00
18 7 13    4.24264069E+00
18 8 5    2.44948974E+00
18 8 12    6.00000000E+00
18 8 14    3.00000000E+00
18 9 4    1.73205081E+00
18 9 11    2.00000000E+00
18 9 13    4.89897949E+00
18 10 12    1.73205081E+00
18 11 9    2.00000000E+00
18 11 18    7.34846923E+00
18 12 3    1.41421356E+00
18 12 8    6.00000000E+00
18 12 10    1.73205081E+00
18 12 17    1.03923048E+01
18 12 19    7.34846923E+00
18 13 2    1.73205081E+00
18 13 7    4.24264069E+00
18 13 9    4.89897949E+00
18 13 16    3.16227766E+00
18 13 18    1.20000000E+01
18 13 20    4.24264069E+00
18 14 8    3.00000000E+00
18 14 17    3.46410162E+00
18 14 19    7.34846923E+00
18 15 18    2.44948974E+00
18 16 13    3.16227766E+00
18 17 5    2.82842712E+00
18 17 12    1.03923048E+01
18 17 14    3.46410162E+00
18 18 1    1.00000000E+00
18 18 4    4.24264069E+00
18 18 6    2.82842712E+00
18 18 11    7.34846923E+00
18 18 13    1.20000000E+01
18 18 15    2.44948974E+00
18 19 5    3.00000000E+00
18 19 12    7.34846923E+00
18 19 14    7.34846923E+00
18 20 13    4.24264069E+00
19 1 19    1.00000000E+00
19 2 14    1.41421356E+00
19 3 13    1.73205081E+00
19 4 10    1.00000000E+00
19 4 19    2.82842712E+00
19 5 9    2.44948974E+00
19 5 18    3.00000000E+00
19 5 20    2.82842712E+00
19 6 8    1.73205081E+00
19 6 19    4.24264069E+00
19 7 14    1.73205081E+00
19 8 6    1.73205081E+00
19 8 13    4.89897949E+00
19 8 15    2.00000000E+00
19 9 5    2.44948974E+00
19 9 12    3.00000000E+00
19 9 14    6.00000000E+00
19 10 4    1.00000000E+00
19 10 13    4.24264069E+00
19 11 19    2.44948974E+00
19 12 9    3.00000000E+00
19 12 18    7.34846923E+00
19 12 20    3.46410162E+00
19 13 3    1.73205081E+00
19 13 8    4.89897949E+00
19 13 10    4.24264069E+00
19 13 17    4.24264069E+00
19 13 19    1.20000000E+01
19 13 21    3.16227766E+00
19 14 2    1.41421356E+00
19 14 7    1.73205081E+00
19 14 9    6.00000000E+00
19 14 18    7.34846923E+00
19 14 20    1.03923048E+01
19 15 8    2.00000000E+00
19 15 19    7.34846923E+00
19 17 13    4.24264069E+00
19 18 5    3.00000000E+00
19 18 12    7.34846923E+00
19 18 14    7.34846923E+00
19 19 1    1.00000000E+00
19 19 4    2.82842712E+00
19 19 6    4.24264069E+00
19 19 11    2.44948974E+00
19 19 13    1.20000000E+01
19 19 15    7.34846923E+00
19 20 5    2.82842712E+00
19 20 12    3.46410162E+00
19 20 14    1.03923048E+01
19 21 13    3.16227766E+00
20 1 20    1.00000000E+00
20 2 15    1.00000000E+00
20 3 14    2.00000000E+00
20 4 20    1.41421356E+00
20 5 10    2.00000000E+00
20 5 19    2.82842712E+00
20 5 21    2.23606798E+00
20 6 9    2.44948974E+00
20 6 20    5.65685425E+00
20 8 14    2.82842712E+00
20 9 6    2.44948974E+00
20 9 13    3.46410162E+00
20 9 15    5.65685425E+00
20 10 5    2.00000000E+00
20 10 14    7.34846923E+00
20 12 19    3.46410162E+00
20 13 9    3.46410162E+00
20 13 18    4.24264069E+00
20 13 20    8.00000000E+00
20 14 3    2.00000000E+00
20 14 8    2.82842712E+00
20 14 10    7.34846923E+00
20 14 19    1.03923048E+01
20 14 21    1.09544512E+01
20 15 2    1.00000000E+00
20 15 9    5.65685425E+00
20 15 20    1.46969385E+01
20 18 13    4.24264069E+00
20 19 5    2.82842712E+00
20 19 12    3.46410162E+00
20 19 14    1.03923048E+01
20 20 1    1.00000000E+00
20 20 4    1.41421356E+00
20 20 6    5.65685425E+00
20 20 13    8.00000000E+00
20 20 15    1.46969385E+01
20 21 5    2.23606798E+00
20 21 14    1.09544512E+01
21 1 21    1.00000000E+00
21 3 15    2.23606798E+00
21 5 20    2.23606798E+00
21 6 10    3.16227766E+00
21 6 21    7.07106781E+00
21 9 14    3.16227766E+00
21 10 6    3.16227766E+00
21 10 15    1.09544512E+01
21 13 19    3.16227766E+00
21 14 9    3.16227766E+00
21 14 20    1.09544512E+01
21 15 3    2.23606798E+00
21 15 10    1.09544512E+01
21 15 21    2.44948974E+01
21 19 13    3.16227766E+00
21 20 5    2.23606798E+00
21 20 14    1.09544512E+01
21 21 1    1.00000000E+00
21 21 6    7.07106781E+00
21 21 15    2.44948974E+01
