3361
1 1 1    1.00000000E+00
1 2 2    1.00000000E+00
1 3 3    1.00000000E+00
1 4 4    1.00000000E+00
1 5 5    1.00000000E+00
1 6 6    1.00000000E+00
1 7 7    1.00000000E+00
1 8 8    1.00000000E+00
1 9 9    1.00000000E+00
1 10 10    1.00000000E+00
1 11 11    1.00000000E+00
1 12 12    1.00000000E+00
1 13 13    1.00000000E+00
1 14 14    1.00000000E+00
1 15 15    1.00000000E+00
1 16 16    1.00000000E+00
1 17 17    1.00000000E+00
1 18 18    1.00000000E+00
1 19 19    1.00000000E+00
1 20 20    1.00000000E+00
1 21 21    1.00000000E+00
1 22 22    1.00000000E+00
1 23 23    1.00000000E+00
1 24 24    1.00000000E+00
1 25 25    1.00000000E+00
1 26 26    1.00000000E+00
1 27 27    1.00000000E+00
1 28 28    1.00000000E+00
1 29 29    1.00000000E+00
1 30 30    1.00000000E+00
1 31 31    1.00000000E+00
1 32 32    1.00000000E+00
1 33 33    1.00000000E+00
1 34 34    1.00000000E+00
1 35 35    1.00000000E+00
1 36 36    1.00000000E+00
2 1 2    1.00000000E+00
2 2 1    1.00000000E+00
2 2 4    1.41421356E+00
2 3 5    1.00000000E+00
2 4 2    1.41421356E+00
2 4 7    1.73205081E+00
2 5 3    1.00000000E+00
2 5 8    1.41421356E+00
2 6 9    1.00000000E+00
2 7 4    1.73205081E+00
2 7 11    2.00000000E+00
2 8 5    1.41421356E+00
2 8 12    1.73205081E+00
2 9 6    1.00000000E+00
2 9 13    1.41421356E+00
2 10 14    1.00000000E+00
2 11 7    2.00000000E+00
2 11 16    2.23606798E+00
2 12 8    1.73205081E+00
2 12 17    2.00000000E+00
2 13 9    1.41421356E+00
2 13 18    1.73205081E+00
2 14 10    1.00000000E+00
2 14 19    1.41421356E+00
2 15 20    1.00000000E+00
2 16 11    2.23606798E+00
2 16 22    2.44948974E+00
2 17 12    2.00000000E+00
2 17 23    2.23606798E+00
2 18 13    1.73205081E+00
2 18 24    2.00000000E+00
2 19 14    1.41421356E+00
2 19 25    1.73205081E+00
2 20 15    1.00000000E+00
2 20 26    1.41421356E+00
2 21 27    1.00000000E+00
2 22 16    2.44948974E+00
2 22 29    2.64575131E+00
2 23 17    2.23606798E+00
2 23 30    2.44948974E+00
2 24 18    2.00000000E+00
2 24 31    2.23606798E+00
2 25 19    1.73205081E+00
2 25 32    2.00000000E+00
2 26 20    1.41421356E+00
2 26 33    1.73205081E+00
2 27 21    1.00000000E+00
2 27 34    1.41421356E+00
2 28 35    1.00000000E+00
2 29 22    2.64575131E+00
2 30 23    2.44948974E+00
2 31 24    2.23606798E+00
2 32 25    2.00000000E+00
2 33 26    1.73205081E+00
2 34 27    1.41421356E+00
2 35 28    1.00000000E+00
3 1 3    1.00000000E+00
3 2 5    1.00000000E+00
3 3 1    1.00000000E+00
3 3 6    1.41421356E+00
3 4 8    1.00000000E+00
3 5 2    1.00000000E+00
3 5 9    1.41421356E+00
3 6 3    1.41421356E+00
3 6 10    1.73205081E+00
3 7 12    1.00000000E+00
3 8 4    1.00000000E+00
3 8 13    1.41421356E+00
3 9 5    1.41421356E+00
3 9 14    1.73205081E+00
3 10 6    1.73205081E+00
3 10 15    2.00000000E+00
3 11 17    1.00000000E+00
3 12 7    1.00000000E+00
3 12 18    1.41421356E+00
3 13 8    1.41421356E+00
3 13 19    1.73205081E+00
3 14 9    1.73205081E+00
3 14 20    2.00000000E+00
3 15 10    2.00000000E+00
3 15 21    2.23606798E+00
3 16 23    1.00000000E+00
3 17 11    1.00000000E+00
3 17 24    1.41421356E+00
3 18 12    1.41421356E+00
3 18 25    1.73205081E+00
3 19 13    1.73205081E+00
3 19 26    2.00000000E+00
3 20 14    2.00000000E+00
3 20 27    2.23606798E+00
3 21 15    2.23606798E+00
3 21 28    2.44948974E+00
3 22 30    1.00000000E+00
3 23 16    1.00000000E+00
3 23 31    1.41421356E+00
3 24 17    1.41421356E+00
3 24 32    1.73205081E+00
3 25 18    1.73205081E+00
3 25 33    2.00000000E+00
3 26 19    2.00000000E+00
3 26 34    2.23606798E+00
3 27 20    2.23606798E+00
3 27 35    2.44948974E+00
3 28 21    2.44948974E+00
3 28 36    2.64575131E+00
3 30 22    1.00000000E+00
3 31 23    1.41421356E+00
3 32 24    1.73205081E+00
3 33 25    2.00000000E+00
3 34 26    2.23606798E+00
3 35 27    2.44948974E+00
3 36 28    2.64575131E+00
4 1 4    1.00000000E+00
4 2 2    1.41421356E+00
4 2 7    1.73205081E+00
4 3 8    1.00000000E+00
4 4 1    1.00000000E+00
4 4 4    2.82842712E+00
4 4 11    2.44948974E+00
4 5 5    1.41421356E+00
4 5 12    1.73205081E+00
4 6 13    1.00000000E+00
4 7 2    1.73205081E+00
4 7 7    4.24264069E+00
4 7 16    3.16227766E+00
4 8 3    1.00000000E+00
4 8 8    2.82842712E+00
4 8 17    2.44948974E+00
4 9 9    1.41421356E+00
4 9 18    1.73205081E+00
4 10 19    1.00000000E+00
4 11 4    2.44948974E+00
4 11 11    5.65685425E+00
4 11 22    3.87298335E+00
4 12 5    1.73205081E+00
4 12 12    4.24264069E+00
4 12 23    3.16227766E+00
4 13 6    1.00000000E+00
4 13 13    2.82842712E+00
4 13 24    2.44948974E+00
4 14 14    1.41421356E+00
4 14 25    1.73205081E+00
4 15 26    1.00000000E+00
4 16 7    3.16227766E+00
4 16 16    7.07106781E+00
4 16 29    4.58257569E+00
4 17 8    2.44948974E+00
4 17 17    5.65685425E+00
4 17 30    3.87298335E+00
4 18 9    1.73205081E+00
4 18 18    4.24264069E+00
4 18 31    3.16227766E+00
4 19 10    1.00000000E+00
4 19 19    2.82842712E+00
4 19 32    2.44948974E+00
4 20 20    1.41421356E+00
4 20 33    1.73205081E+00
4 21 34    1.00000000E+00
4 22 11    3.87298335E+00
4 22 22    8.48528137E+00
4 23 12    3.16227766E+00
4 23 23    7.07106781E+00
4 24 13    2.44948974E+00
4 24 24    5.65685425E+00
4 25 14    1.73205081E+00
4 25 25    4.24264069E+00
4 26 15    1.00000000E+00
4 26 26    2.82842712E+00
4 27 27    1.41421356E+00
4 29 16    4.58257569E+00
4 29 29    9.89949494E+00
4 30 17    3.87298335E+00
4 30 30    8.48528137E+00
4 31 18    3.16227766E+00
4 31 31    7.07106781E+00
4 32 19    2.44948974E+00
4 32 32    5.65685425E+00
4 33 20    1.73205081E+00
4 33 33    4.24264069E+00
4 34 21    1.00000000E+00
4 34 34    2.82842712E+00
4 35 35    1.41421356E+00
5 1 5    1.00000000E+00
5 2 3    1.00000000E+00
5 2 8    1.41421356E+00
5 3 2    1.00000000E+00
5 3 9    1.41421356E+00
5 4 5    1.41421356E+00
5 4 12    1.73205081E+00
5 5 1    1.00000000E+00
5 5 4    1.41421356E+00
5 5 6    1.41421356E+00
5 5 13    2.00000000E+00
5 6 5    1.41421356E+00
5 6 14    1.73205081E+00
5 7 8    1.73205081E+00
5 7 17    2.00000000E+00
5 8 2    1.41421356E+00
5 8 7    1.73205081E+00
5 8 9    2.00000000E+00
5 8 18    2.44948974E+00
5 9 3    1.41421356E+00
5 9 8    2.00000000E+00
5 9 10    1.73205081E+00
5 9 19    2.44948974E+00
5 10 9    1.73205081E+00
5 10 20    2.00000000E+00
5 11 12    2.00000000E+00
5 11 23    2.23606798E+00
5 12 4    1.73205081E+00
5 12 11    2.00000000E+00
5 12 13    2.44948974E+00
5 12 24    2.82842712E+00
5 13 5    2.00000000E+00
5 13 12    2.44948974E+00
5 13 14    2.44948974E+00
5 13 25    3.00000000E+00
5 14 6    1.73205081E+00
5 14 13    2.44948974E+00
5 14 15    2.00000000E+00
5 14 26    2.82842712E+00
5 15 14    2.00000000E+00
5 15 27    2.23606798E+00
5 16 17    2.23606798E+00
5 16 30    2.44948974E+00
5 17 7    2.00000000E+00
5 17 16    2.23606798E+00
5 17 18    2.82842712E+00
5 17 31    3.16227766E+00
5 18 8    2.44948974E+00
5 18 17    2.82842712E+00
5 18 19    3.00000000E+00
5 18 32    3.46410162E+00
5 19 9    2.44948974E+00
5 19 18    3.00000000E+00
5 19 20    2.82842712E+00
5 19 33    3.46410162E+00
5 20 10    2.00000000E+00
5 20 19    2.82842712E+00
5 20 21    2.23606798E+00
5 20 34    3.16227766E+00
5 21 20    2.23606798E+00
5 21 35    2.44948974E+00
5 22 23    2.44948974E+00
5 23 11    2.23606798E+00
5 23 22    2.44948974E+00
5 23 24    3.16227766E+00
5 24 12    2.82842712E+00
5 24 23    3.16227766E+00
5 24 25    3.46410162E+00
5 25 13    3.00000000E+00
5 25 24    3.46410162E+00
5 25 26    3.46410162E+00
5 26 14    2.82842712E+00
5 26 25    3.46410162E+00
5 26 27    3.16227766E+00
5 27 15    2.23606798E+00
5 27 26    3.16227766E+00
5 27 28    2.44948974E+00
5 28 27    2.44948974E+00
5 29 30    2.64575131E+00
5 30 16    2.44948974E+00
5 30 29    2.64575131E+00
5 30 31    3.46410162E+00
5 31 17    3.16227766E+00
5 31 30    3.46410162E+00
5 31 32    3.87298335E+00
5 32 18    3.46410162E+00
5 32 31    3.87298335E+00
5 32 33    4.00000000E+00
5 33 19    3.46410162E+00
5 33 32    4.00000000E+00
5 33 34    3.87298335E+00
5 34 20    3.16227766E+00
5 34 33    3.87298335E+00
5 34 35    3.46410162E+00
5 35 21    2.44948974E+00
5 35 34    3.46410162E+00
5 35 36    2.64575131E+00
5 36 35    2.64575131E+00
6 1 6    1.00000000E+00
6 2 9    1.00000000E+00
6 3 3    1.41421356E+00
6 3 10    1.73205081E+00
6 4 13    1.00000000E+00
6 5 5    1.41421356E+00
6 5 14    1.73205081E+00
6 6 1    1.00000000E+00
6 6 6    2.82842712E+00
6 6 15    2.44948974E+00
6 7 18    1.00000000E+00
6 8 8    1.41421356E+00
6 8 19    1.73205081E+00
6 9 2    1.00000000E+00
6 9 9    2.82842712E+00
6 9 20    2.44948974E+00
6 10 3    1.73205081E+00
6 10 10    4.24264069E+00
6 10 21    3.16227766E+00
6 11 24    1.00000000E+00
6 12 12    1.41421356E+00
6 12 25    1.73205081E+00
6 13 4    1.00000000E+00
6 13 13    2.82842712E+00
6 13 26    2.44948974E+00
6 14 5    1.73205081E+00
6 14 14    4.24264069E+00
6 14 27    3.16227766E+00
6 15 6    2.44948974E+00
6 15 15    5.65685425E+00
6 15 28    3.87298335E+00
6 16 31    1.00000000E+00
6 17 17    1.41421356E+00
6 17 32    1.73205081E+00
6 18 7    1.00000000E+00
6 18 18    2.82842712E+00
6 18 33    2.44948974E+00
6 19 8    1.73205081E+00
6 19 19    4.24264069E+00
6 19 34    3.16227766E+00
6 20 9    2.44948974E+00
6 20 20    5.65685425E+00
6 20 35    3.87298335E+00
6 21 10    3.16227766E+00
6 21 21    7.07106781E+00
6 21 36    4.58257569E+00
6 23 23    1.41421356E+00
6 24 11    1.00000000E+00
6 24 24    2.82842712E+00
6 25 12    1.73205081E+00
6 25 25    4.24264069E+00
6 26 13    2.44948974E+00
6 26 26    5.65685425E+00
6 27 14    3.16227766E+00
6 27 27    7.07106781E+00
6 28 15    3.87298335E+00
6 28 28    8.48528137E+00
6 30 30    1.41421356E+00
6 31 16    1.00000000E+00
6 31 31    2.82842712E+00
6 32 17    1.73205081E+00
6 32 32    4.24264069E+00
6 33 18    2.44948974E+00
6 33 33    5.65685425E+00
6 34 19    3.16227766E+00
6 34 34    7.07106781E+00
6 35 20    3.87298335E+00
6 35 35    8.48528137E+00
6 36 21    4.58257569E+00
6 36 36    9.89949494E+00
7 1 7    1.00000000E+00
7 2 4    1.73205081E+00
7 2 11    2.00000000E+00
7 3 12    1.00000000E+00
7 4 2    1.73205081E+00
7 4 7    4.24264069E+00
7 4 16    3.16227766E+00
7 5 8    1.73205081E+00
7 5 17    2.00000000E+00
7 6 18    1.00000000E+00
7 7 1    1.00000000E+00
7 7 4    4.24264069E+00
7 7 11    7.34846923E+00
7 7 22    4.47213595E+00
7 8 5    1.73205081E+00
7 8 12    4.24264069E+00
7 8 23    3.16227766E+00
7 9 13    1.73205081E+00
7 9 24    2.00000000E+00
7 10 25    1.00000000E+00
7 11 2    2.00000000E+00
7 11 7    7.34846923E+00
7 11 16    1.09544512E+01
7 11 29    5.91607978E+00
7 12 3    1.00000000E+00
7 12 8    4.24264069E+00
7 12 17    7.34846923E+00
7 12 30    4.47213595E+00
7 13 9    1.73205081E+00
7 13 18    4.24264069E+00
7 13 31    3.16227766E+00
7 14 19    1.73205081E+00
7 14 32    2.00000000E+00
7 15 33    1.00000000E+00
7 16 4    3.16227766E+00
7 16 11    1.09544512E+01
7 16 22    1.50000000E+01
7 17 5    2.00000000E+00
7 17 12    7.34846923E+00
7 17 23    1.09544512E+01
7 18 6    1.00000000E+00
7 18 13    4.24264069E+00
7 18 24    7.34846923E+00
7 19 14    1.73205081E+00
7 19 25    4.24264069E+00
7 20 26    1.73205081E+00
7 22 7    4.47213595E+00
7 22 16    1.50000000E+01
7 22 29    1.94422221E+01
7 23 8    3.16227766E+00
7 23 17    1.09544512E+01
7 23 30    1.50000000E+01
7 24 9    2.00000000E+00
7 24 18    7.34846923E+00
7 24 31    1.09544512E+01
7 25 10    1.00000000E+00
7 25 19    4.24264069E+00
7 25 32    7.34846923E+00
7 26 20    1.73205081E+00
7 26 33    4.24264069E+00
7 27 34    1.73205081E+00
7 29 11    5.91607978E+00
7 29 22    1.94422221E+01
7 30 12    4.47213595E+00
7 30 23    1.50000000E+01
7 31 13    3.16227766E+00
7 31 24    1.09544512E+01
7 32 14    2.00000000E+00
7 32 25    7.34846923E+00
7 33 15    1.00000000E+00
7 33 26    4.24264069E+00
7 34 27    1.73205081E+00
8 1 8    1.00000000E+00
8 2 5    1.41421356E+00
8 2 12    1.73205081E+00
8 3 4    1.00000000E+00
8 3 13    1.41421356E+00
8 4 3    1.00000000E+00
8 4 8    2.82842712E+00
8 4 17    2.44948974E+00
8 5 2    1.41421356E+00
8 5 7    1.73205081E+00
8 5 9    2.00000000E+00
8 5 18    2.44948974E+00
8 6 8    1.41421356E+00
8 6 19    1.73205081E+00
8 7 5    1.73205081E+00
8 7 12    4.24264069E+00
8 7 23    3.16227766E+00
8 8 1    1.00000000E+00
8 8 4    2.82842712E+00
8 8 6    1.41421356E+00
8 8 11    2.44948974E+00
8 8 13    4.00000000E+00
8 8 24    3.46410162E+00
8 9 5    2.00000000E+00
8 9 12    2.44948974E+00
8 9 14    2.44948974E+00
8 9 25    3.00000000E+00
8 10 13    1.73205081E+00
8 10 26    2.00000000E+00
8 11 8    2.44948974E+00
8 11 17    5.65685425E+00
8 11 30    3.87298335E+00
8 12 2    1.73205081E+00
8 12 7    4.24264069E+00
8 12 9    2.44948974E+00
8 12 16    3.16227766E+00
8 12 18    6.00000000E+00
8 12 31    4.47213595E+00
8 13 3    1.41421356E+00
8 13 8    4.00000000E+00
8 13 10    1.73205081E+00
8 13 17    3.46410162E+00
8 13 19    4.89897949E+00
8 13 32    4.24264069E+00
8 14 9    2.44948974E+00
8 14 18    3.00000000E+00
8 14 20    2.82842712E+00
8 14 33    3.46410162E+00
8 15 19    2.00000000E+00
8 15 34    2.23606798E+00
8 16 12    3.16227766E+00
8 16 23    7.07106781E+00
8 17 4    2.44948974E+00
8 17 11    5.65685425E+00
8 17 13    3.46410162E+00
8 17 22    3.87298335E+00
8 17 24    8.00000000E+00
8 18 5    2.44948974E+00
8 18 12    6.00000000E+00
8 18 14    3.00000000E+00
8 18 23    4.47213595E+00
8 18 25    7.34846923E+00
8 19 6    1.73205081E+00
8 19 13    4.89897949E+00
8 19 15    2.00000000E+00
8 19 24    4.24264069E+00
8 19 26    5.65685425E+00
8 20 14    2.82842712E+00
8 20 25    3.46410162E+00
8 20 27    3.16227766E+00
8 21 26    2.23606798E+00
8 22 17    3.87298335E+00
8 22 30    8.48528137E+00
8 23 7    3.16227766E+00
8 23 16    7.07106781E+00
8 23 18    4.47213595E+00
8 23 29    4.58257569E+00
8 23 31    1.00000000E+01
8 24 8    3.46410162E+00
8 24 17    8.00000000E+00
8 24 19    4.24264069E+00
8 24 30    5.47722558E+00
8 24 32    9.79795897E+00
8 25 9    3.00000000E+00
8 25 18    7.34846923E+00
8 25 20    3.46410162E+00
8 25 31    5.47722558E+00
8 25 33    8.48528137E+00
8 26 10    2.00000000E+00
8 26 19    5.65685425E+00
8 26 21    2.23606798E+00
8 26 32    4.89897949E+00
8 26 34    6.32455532E+00
8 27 20    3.16227766E+00
8 27 33    3.87298335E+00
8 27 35    3.46410162E+00
8 28 34    2.44948974E+00
8 29 23    4.58257569E+00
8 30 11    3.87298335E+00
8 30 22    8.48528137E+00
8 30 24    5.47722558E+00
8 31 12    4.47213595E+00
8 31 23    1.00000000E+01
8 31 25    5.47722558E+00
8 32 13    4.24264069E+00
8 32 24    9.79795897E+00
8 32 26    4.89897949E+00
8 33 14    3.46410162E+00
8 33 25    8.48528137E+00
8 33 27    3.87298335E+00
8 34 15    2.23606798E+00
8 34 26    6.32455532E+00
8 34 28    2.44948974E+00
8 35 27    3.46410162E+00
9 1 9    1.00000000E+00
9 2 6    1.00000000E+00
9 2 13    1.41421356E+00
9 3 5    1.41421356E+00
9 3 14    1.73205081E+00
9 4 9    1.41421356E+00
9 4 18    1.73205081E+00
9 5 3    1.41421356E+00
9 5 8    2.00000000E+00
9 5 10    1.73205081E+00
9 5 19    2.44948974E+00
9 6 2    1.00000000E+00
9 6 9    2.82842712E+00
9 6 20    2.44948974E+00
9 7 13    1.73205081E+00
9 7 24    2.00000000E+00
9 8 5    2.00000000E+00
9 8 12    2.44948974E+00
9 8 14    2.44948974E+00
9 8 25    3.00000000E+00
9 9 1    1.00000000E+00
9 9 4    1.41421356E+00
9 9 6    2.82842712E+00
9 9 13    4.00000000E+00
9 9 15    2.44948974E+00
9 9 26    3.46410162E+00
9 10 5    1.73205081E+00
9 10 14    4.24264069E+00
9 10 27    3.16227766E+00
9 11 18    2.00000000E+00
9 11 31    2.23606798E+00
9 12 8    2.44948974E+00
9 12 17    2.82842712E+00
9 12 19    3.00000000E+00
9 12 32    3.46410162E+00
9 13 2    1.41421356E+00
9 13 7    1.73205081E+00
9 13 9    4.00000000E+00
9 13 18    4.89897949E+00
9 13 20    3.46410162E+00
9 13 33    4.24264069E+00
9 14 3    1.73205081E+00
9 14 8    2.44948974E+00
9 14 10    4.24264069E+00
9 14 19    6.00000000E+00
9 14 21    3.16227766E+00
9 14 34    4.47213595E+00
9 15 9    2.44948974E+00
9 15 20    5.65685425E+00
9 15 35    3.87298335E+00
9 16 24    2.23606798E+00
9 17 12    2.82842712E+00
9 17 23    3.16227766E+00
9 17 25    3.46410162E+00
9 18 4    1.73205081E+00
9 18 11    2.00000000E+00
9 18 13    4.89897949E+00
9 18 24    5.65685425E+00
9 18 26    4.24264069E+00
9 19 5    2.44948974E+00
9 19 12    3.00000000E+00
9 19 14    6.00000000E+00
9 19 25    7.34846923E+00
9 19 27    4.47213595E+00
9 20 6    2.44948974E+00
9 20 13    3.46410162E+00
9 20 15    5.65685425E+00
9 20 26    8.00000000E+00
9 20 28    3.87298335E+00
9 21 14    3.16227766E+00
9 21 27    7.07106781E+00
9 22 31    2.44948974E+00
9 23 17    3.16227766E+00
9 23 30    3.46410162E+00
9 23 32    3.87298335E+00
9 24 7    2.00000000E+00
9 24 16    2.23606798E+00
9 24 18    5.65685425E+00
9 24 31    6.32455532E+00
9 24 33    4.89897949E+00
9 25 8    3.00000000E+00
9 25 17    3.46410162E+00
9 25 19    7.34846923E+00
9 25 32    8.48528137E+00
9 25 34    5.47722558E+00
9 26 9    3.46410162E+00
9 26 18    4.24264069E+00
9 26 20    8.00000000E+00
9 26 33    9.79795897E+00
9 26 35    5.47722558E+00
9 27 10    3.16227766E+00
9 27 19    4.47213595E+00
9 27 21    7.07106781E+00
9 27 34    1.00000000E+01
9 27 36    4.58257569E+00
9 28 20    3.87298335E+00
9 28 35    8.48528137E+00
9 30 23    3.46410162E+00
9 31 11    2.23606798E+00
9 31 22    2.44948974E+00
9 31 24    6.32455532E+00
9 32 12    3.46410162E+00
9 32 23    3.87298335E+00
9 32 25    8.48528137E+00
9 33 13    4.24264069E+00
9 33 24    4.89897949E+00
9 33 26    9.79795897E+00
9 34 14    4.47213595E+00
9 34 25    5.47722558E+00
9 34 27    1.00000000E+01
9 35 15    3.87298335E+00
9 35 26    5.47722558E+00
9 35 28    8.48528137E+00
9 36 27    4.58257569E+00
10 1 10    1.00000000E+00
10 2 14    1.00000000E+00
10 3 6    1.73205081E+00
10 3 15    2.00000000E+00
10 4 19    1.00000000E+00
10 5 9    1.73205081E+00
10 5 20    2.00000000E+00
10 6 3    1.73205081E+00
10 6 10    4.24264069E+00
10 6 21    3.16227766E+00
10 7 25    1.00000000E+00
10 8 13    1.73205081E+00
10 8 26    2.00000000E+00
10 9 5    1.73205081E+00
10 9 14    4.24264069E+00
10 9 27    3.16227766E+00
10 10 1    1.00000000E+00
10 10 6    4.24264069E+00
10 10 15    7.34846923E+00
10 10 28    4.47213595E+00
10 11 32    1.00000000E+00
10 12 18    1.73205081E+00
10 12 33    2.00000000E+00
10 13 8    1.73205081E+00
10 13 19    4.24264069E+00
10 13 34    3.16227766E+00
10 14 2    1.00000000E+00
10 14 9    4.24264069E+00
10 14 20    7.34846923E+00
10 14 35    4.47213595E+00
10 15 3    2.00000000E+00
10 15 10    7.34846923E+00
10 15 21    1.09544512E+01
10 15 36    5.91607978E+00
10 17 24    1.73205081E+00
10 18 12    1.73205081E+00
10 18 25    4.24264069E+00
10 19 4    1.00000000E+00
10 19 13    4.24264069E+00
10 19 26    7.34846923E+00
10 20 5    2.00000000E+00
10 20 14    7.34846923E+00
10 20 27    1.09544512E+01
10 21 6    3.16227766E+00
10 21 15    1.09544512E+01
10 21 28    1.50000000E+01
10 23 31    1.73205081E+00
10 24 17    1.73205081E+00
10 24 32    4.24264069E+00
10 25 7    1.00000000E+00
10 25 18    4.24264069E+00
10 25 33    7.34846923E+00
10 26 8    2.00000000E+00
10 26 19    7.34846923E+00
10 26 34    1.09544512E+01
10 27 9    3.16227766E+00
10 27 20    1.09544512E+01
10 27 35    1.50000000E+01
10 28 10    4.47213595E+00
10 28 21    1.50000000E+01
10 28 36    1.94422221E+01
10 31 23    1.73205081E+00
10 32 11    1.00000000E+00
10 32 24    4.24264069E+00
10 33 12    2.00000000E+00
10 33 25    7.34846923E+00
10 34 13    3.16227766E+00
10 34 26    1.09544512E+01
10 35 14    4.47213595E+00
10 35 27    1.50000000E+01
10 36 15    5.91607978E+00
10 36 28    1.94422221E+01
11 1 11    1.00000000E+00
11 2 7    2.00000000E+00
11 2 16    2.23606798E+00
11 3 17    1.00000000E+00
11 4 4    2.44948974E+00
11 4 11    5.65685425E+00
11 4 22    3.87298335E+00
11 5 12    2.00000000E+00
11 5 23    2.23606798E+00
11 6 24    1.00000000E+00
11 7 2    2.00000000E+00
11 7 7    7.34846923E+00
11 7 16    1.09544512E+01
11 7 29    5.91607978E+00
11 8 8    2.44948974E+00
11 8 17    5.65685425E+00
11 8 30    3.87298335E+00
11 9 18    2.00000000E+00
11 9 31    2.23606798E+00
11 10 32    1.00000000E+00
11 11 1    1.00000000E+00
11 11 4    5.65685425E+00
11 11 11    1.46969385E+01
11 11 22    1.78885438E+01
11 12 5    2.00000000E+00
11 12 12    7.34846923E+00
11 12 23    1.09544512E+01
11 13 13    2.44948974E+00
11 13 24    5.65685425E+00
11 14 25    2.00000000E+00
11 16 2    2.23606798E+00
11 16 7    1.09544512E+01
11 16 16    2.44948974E+01
11 16 29    2.64575131E+01
11 17 3    1.00000000E+00
11 17 8    5.65685425E+00
11 17 17    1.46969385E+01
11 17 30    1.78885438E+01
11 18 9    2.00000000E+00
11 18 18    7.34846923E+00
11 18 31    1.09544512E+01
11 19 19    2.44948974E+00
11 19 32    5.65685425E+00
11 20 33    2.00000000E+00
11 22 4    3.87298335E+00
11 22 11    1.78885438E+01
11 22 22    3.67423461E+01
11 23 5    2.23606798E+00
11 23 12    1.09544512E+01
11 23 23    2.44948974E+01
11 24 6    1.00000000E+00
11 24 13    5.65685425E+00
11 24 24    1.46969385E+01
11 25 14    2.00000000E+00
11 25 25    7.34846923E+00
11 26 26    2.44948974E+00
11 29 7    5.91607978E+00
11 29 16    2.64575131E+01
11 29 29    5.14392846E+01
11 30 8    3.87298335E+00
11 30 17    1.78885438E+01
11 30 30    3.67423461E+01
11 31 9    2.23606798E+00
11 31 18    1.09544512E+01
11 31 31    2.44948974E+01
11 32 10    1.00000000E+00
11 32 19    5.65685425E+00
11 32 32    1.46969385E+01
11 33 20    2.00000000E+00
11 33 33    7.34846923E+00
11 34 34    2.44948974E+00
12 1 12    1.00000000E+00
12 2 8    1.73205081E+00
12 2 17    2.00000000E+00
12 3 7    1.00000000E+00
12 3 18    1.41421356E+00
12 4 5    1.73205081E+00
12 4 12    4.24264069E+00
12 4 23    3.16227766E+00
12 5 4    1.73205081E+00
12 5 11    2.00000000E+00
12 5 13    2.44948974E+00
12 5 24    2.82842712E+00
12 6 12    1.41421356E+00
12 6 25    1.73205081E+00
12 7 3    1.00000000E+00
12 7 8    4.24264069E+00
12 7 17    7.34846923E+00
12 7 30    4.47213595E+00
12 8 2    1.73205081E+00
12 8 7    4.24264069E+00
12 8 9    2.44948974E+00
12 8 16    3.16227766E+00
12 8 18    6.00000000E+00
12 8 31    4.47213595E+00
12 9 8    2.44948974E+00
12 9 17    2.82842712E+00
12 9 19    3.00000000E+00
12 9 32    3.46410162E+00
12 10 18    1.73205081E+00
12 10 33    2.00000000E+00
12 11 5    2.00000000E+00
12 11 12    7.34846923E+00
12 11 23    1.09544512E+01
12 12 1    1.00000000E+00
12 12 4    4.24264069E+00
12 12 6    1.41421356E+00
12 12 11    7.34846923E+00
12 12 13    6.00000000E+00
12 12 22    4.47213595E+00
12 12 24    1.03923048E+01
12 13 5    2.44948974E+00
12 13 12    6.00000000E+00
12 13 14    3.00000000E+00
12 13 23    4.47213595E+00
12 13 25    7.34846923E+00
12 14 13    3.00000000E+00
12 14 24    3.46410162E+00
12 14 26    3.46410162E+00
12 15 25    2.00000000E+00
12 16 8    3.16227766E+00
12 16 17    1.09544512E+01
12 16 30    1.50000000E+01
12 17 2    2.00000000E+00
12 17 7    7.34846923E+00
12 17 9    2.82842712E+00
12 17 16    1.09544512E+01
12 17 18    1.03923048E+01
12 17 29    5.91607978E+00
12 17 31    1.54919334E+01
12 18 3    1.41421356E+00
12 18 8    6.00000000E+00
12 18 10    1.73205081E+00
12 18 17    1.03923048E+01
12 18 19    7.34846923E+00
12 18 30    6.32455532E+00
12 18 32    1.27279221E+01
12 19 9    3.00000000E+00
12 19 18    7.34846923E+00
12 19 20    3.46410162E+00
12 19 31    5.47722558E+00
12 19 33    8.48528137E+00
12 20 19    3.46410162E+00
12 20 32    4.00000000E+00
12 20 34    3.87298335E+00
12 21 33    2.23606798E+00
12 22 12    4.47213595E+00
12 22 23    1.50000000E+01
12 23 4    3.16227766E+00
12 23 11    1.09544512E+01
12 23 13    4.47213595E+00
12 23 22    1.50000000E+01
12 23 24    1.54919334E+01
12 24 5    2.82842712E+00
12 24 12    1.03923048E+01
12 24 14    3.46410162E+00
12 24 23    1.54919334E+01
12 24 25    1.27279221E+01
12 25 6    1.73205081E+00
12 25 13    7.34846923E+00
12 25 15    2.00000000E+00
12 25 24    1.27279221E+01
12 25 26    8.48528137E+00
12 26 14    3.46410162E+00
12 26 25    8.48528137E+00
12 26 27    3.87298335E+00
12 27 26    3.87298335E+00
12 29 17    5.91607978E+00
12 29 30    1.94422221E+01
12 30 7    4.47213595E+00
12 30 16    1.50000000E+01
12 30 18    6.32455532E+00
12 30 29    1.94422221E+01
12 30 31    2.12132034E+01
12 31 8    4.47213595E+00
12 31 17    1.54919334E+01
12 31 19    5.47722558E+00
12 31 30    2.12132034E+01
12 31 32    1.89736660E+01
12 32 9    3.46410162E+00
12 32 18    1.27279221E+01
12 32 20    4.00000000E+00
12 32 31    1.89736660E+01
12 32 33    1.46969385E+01
12 33 10    2.00000000E+00
12 33 19    8.48528137E+00
12 33 21    2.23606798E+00
12 33 32    1.46969385E+01
12 33 34    9.48683298E+00
12 34 20    3.87298335E+00
12 34 33    9.48683298E+00
12 34 35    4.24264069E+00
12 35 34    4.24264069E+00
13 1 13    1.00000000E+00
13 2 9    1.41421356E+00
13 2 18    1.73205081E+00
13 3 8    1.41421356E+00
13 3 19    1.73205081E+00
13 4 6    1.00000000E+00
13 4 13    2.82842712E+00
13 4 24    2.44948974E+00
13 5 5    2.00000000E+00
13 5 12    2.44948974E+00
13 5 14    2.44948974E+00
13 5 25    3.00000000E+00
13 6 4    1.00000000E+00
13 6 13    2.82842712E+00
13 6 26    2.44948974E+00
13 7 9    1.73205081E+00
13 7 18    4.24264069E+00
13 7 31    3.16227766E+00
13 8 3    1.41421356E+00
13 8 8    4.00000000E+00
13 8 10    1.73205081E+00
13 8 17    3.46410162E+00
13 8 19    4.89897949E+00
13 8 32    4.24264069E+00
13 9 2    1.41421356E+00
13 9 7    1.73205081E+00
13 9 9    4.00000000E+00
13 9 18    4.89897949E+00
13 9 20    3.46410162E+00
13 9 33    4.24264069E+00
13 10 8    1.73205081E+00
13 10 19    4.24264069E+00
13 10 34    3.16227766E+00
13 11 13    2.44948974E+00
13 11 24    5.65685425E+00
13 12 5    2.44948974E+00
13 12 12    6.00000000E+00
13 12 14    3.00000000E+00
13 12 23    4.47213595E+00
13 12 25    7.34846923E+00
13 13 1    1.00000000E+00
13 13 4    2.82842712E+00
13 13 6    2.82842712E+00
13 13 11    2.44948974E+00
13 13 13    8.00000000E+00
13 13 15    2.44948974E+00
13 13 24    6.92820323E+00
13 13 26    6.92820323E+00
13 14 5    2.44948974E+00
13 14 12    3.00000000E+00
13 14 14    6.00000000E+00
13 14 25    7.34846923E+00
13 14 27    4.47213595E+00
13 15 13    2.44948974E+00
13 15 26    5.65685425E+00
13 16 18    3.16227766E+00
13 16 31    7.07106781E+00
13 17 8    3.46410162E+00
13 17 17    8.00000000E+00
13 17 19    4.24264069E+00
13 17 30    5.47722558E+00
13 17 32    9.79795897E+00
13 18 2    1.73205081E+00
13 18 7    4.24264069E+00
13 18 9    4.89897949E+00
13 18 16    3.16227766E+00
13 18 18    1.20000000E+01
13 18 20    4.24264069E+00
13 18 31    8.94427191E+00
13 18 33    1.03923048E+01
13 19 3    1.73205081E+00
13 19 8    4.89897949E+00
13 19 10    4.24264069E+00
13 19 17    4.24264069E+00
13 19 19    1.20000000E+01
13 19 21    3.16227766E+00
13 19 32    1.03923048E+01
13 19 34    8.94427191E+00
13 20 9    3.46410162E+00
13 20 18    4.24264069E+00
13 20 20    8.00000000E+00
13 20 33    9.79795897E+00
13 20 35    5.47722558E+00
13 21 19    3.16227766E+00
13 21 34    7.07106781E+00
13 22 24    3.87298335E+00
13 23 12    4.47213595E+00
13 23 23    1.00000000E+01
13 23 25    5.47722558E+00
13 24 4    2.44948974E+00
13 24 11    5.65685425E+00
13 24 13    6.92820323E+00
13 24 22    3.87298335E+00
13 24 24    1.60000000E+01
13 24 26    6.00000000E+00
13 25 5    3.00000000E+00
13 25 12    7.34846923E+00
13 25 14    7.34846923E+00
13 25 23    5.47722558E+00
13 25 25    1.80000000E+01
13 25 27    5.47722558E+00
13 26 6    2.44948974E+00
13 26 13    6.92820323E+00
13 26 15    5.65685425E+00
13 26 24    6.00000000E+00
13 26 26    1.60000000E+01
13 26 28    3.87298335E+00
13 27 14    4.47213595E+00
13 27 25    5.47722558E+00
13 27 27    1.00000000E+01
13 28 26    3.87298335E+00
13 29 31    4.58257569E+00
13 30 17    5.47722558E+00
13 30 30    1.20000000E+01
13 30 32    6.70820393E+00
13 31 7    3.16227766E+00
13 31 16    7.07106781E+00
13 31 18    8.94427191E+00
13 31 29    4.58257569E+00
13 31 31    2.00000000E+01
13 31 33    7.74596669E+00
13 32 8    4.24264069E+00
13 32 17    9.79795897E+00
13 32 19    1.03923048E+01
13 32 30    6.70820393E+00
13 32 32    2.40000000E+01
13 32 34    7.74596669E+00
13 33 9    4.24264069E+00
13 33 18    1.03923048E+01
13 33 20    9.79795897E+00
13 33 31    7.74596669E+00
13 33 33    2.40000000E+01
13 33 35    6.70820393E+00
13 34 10    3.16227766E+00
13 34 19    8.94427191E+00
13 34 21    7.07106781E+00
13 34 32    7.74596669E+00
13 34 34    2.00000000E+01
13 34 36    4.58257569E+00
13 35 20    5.47722558E+00
13 35 33    6.70820393E+00
13 35 35    1.20000000E+01
13 36 34    4.58257569E+00
14 1 14    1.00000000E+00
14 2 10    1.00000000E+00
14 2 19    1.41421356E+00
14 3 9    1.73205081E+00
14 3 20    2.00000000E+00
14 4 14    1.41421356E+00
14 4 25    1.73205081E+00
14 5 6    1.73205081E+00
14 5 13    2.44948974E+00
14 5 15    2.00000000E+00
14 5 26    2.82842712E+00
14 6 5    1.73205081E+00
14 6 14    4.24264069E+00
14 6 27    3.16227766E+00
14 7 19    1.73205081E+00
14 7 32    2.00000000E+00
14 8 9    2.44948974E+00
14 8 18    3.00000000E+00
14 8 20    2.82842712E+00
14 8 33    3.46410162E+00
14 9 3    1.73205081E+00
14 9 8    2.44948974E+00
14 9 10    4.24264069E+00
14 9 19    6.00000000E+00
14 9 21    3.16227766E+00
14 9 34    4.47213595E+00
14 10 2    1.00000000E+00
14 10 9    4.24264069E+00
14 10 20    7.34846923E+00
14 10 35    4.47213595E+00
14 11 25    2.00000000E+00
14 12 13    3.00000000E+00
14 12 24    3.46410162E+00
14 12 26    3.46410162E+00
14 13 5    2.44948974E+00
14 13 12    3.00000000E+00
14 13 14    6.00000000E+00
14 13 25    7.34846923E+00
14 13 27    4.47213595E+00
14 14 1    1.00000000E+00
14 14 4    1.41421356E+00
14 14 6    4.24264069E+00
14 14 13    6.00000000E+00
14 14 15    7.34846923E+00
14 14 26    1.03923048E+01
14 14 28    4.47213595E+00
14 15 5    2.00000000E+00
14 15 14    7.34846923E+00
14 15 27    1.09544512E+01
14 16 32    2.23606798E+00
14 17 18    3.46410162E+00
14 17 31    3.87298335E+00
14 17 33    4.00000000E+00
14 18 8    3.00000000E+00
14 18 17    3.46410162E+00
14 18 19    7.34846923E+00
14 18 32    8.48528137E+00
14 18 34    5.47722558E+00
14 19 2    1.41421356E+00
14 19 7    1.73205081E+00
14 19 9    6.00000000E+00
14 19 18    7.34846923E+00
14 19 20    1.03923048E+01
14 19 33    1.27279221E+01
14 19 35    6.32455532E+00
14 20 3    2.00000000E+00
14 20 8    2.82842712E+00
14 20 10    7.34846923E+00
14 20 19    1.03923048E+01
14 20 21    1.09544512E+01
14 20 34    1.54919334E+01
14 20 36    5.91607978E+00
14 21 9    3.16227766E+00
14 21 20    1.09544512E+01
14 21 35    1.50000000E+01
14 23 24    3.87298335E+00
14 24 12    3.46410162E+00
14 24 23    3.87298335E+00
14 24 25    8.48528137E+00
14 25 4    1.73205081E+00
14 25 11    2.00000000E+00
14 25 13    7.34846923E+00
14 25 24    8.48528137E+00
14 25 26    1.27279221E+01
14 26 5    2.82842712E+00
14 26 12    3.46410162E+00
14 26 14    1.03923048E+01
14 26 25    1.27279221E+01
14 26 27    1.54919334E+01
14 27 6    3.16227766E+00
14 27 13    4.47213595E+00
14 27 15    1.09544512E+01
14 27 26    1.54919334E+01
14 27 28    1.50000000E+01
14 28 14    4.47213595E+00
14 28 27    1.50000000E+01
14 30 31    4.24264069E+00
14 31 17    3.87298335E+00
14 31 30    4.24264069E+00
14 31 32    9.48683298E+00
14 32 7    2.00000000E+00
14 32 16    2.23606798E+00
14 32 18    8.48528137E+00
14 32 31    9.48683298E+00
14 32 33    1.46969385E+01
14 33 8    3.46410162E+00
14 33 17    4.00000000E+00
14 33 19    1.27279221E+01
14 33 32    1.46969385E+01
14 33 34    1.89736660E+01
14 34 9    4.47213595E+00
14 34 18    5.47722558E+00
14 34 20    1.54919334E+01
14 34 33    1.89736660E+01
14 34 35    2.12132034E+01
14 35 10    4.47213595E+00
14 35 19    6.32455532E+00
14 35 21    1.50000000E+01
14 35 34    2.12132034E+01
14 35 36    1.94422221E+01
14 36 20    5.91607978E+00
14 36 35    1.94422221E+01
15 1 15    1.00000000E+00
15 2 20    1.00000000E+00
15 3 10    2.00000000E+00
15 3 21    2.23606798E+00
15 4 26    1.00000000E+00
15 5 14    2.00000000E+00
15 5 27    2.23606798E+00
15 6 6    2.44948974E+00
15 6 15    5.65685425E+00
15 6 28    3.87298335E+00
15 7 33    1.00000000E+00
15 8 19    2.00000000E+00
15 8 34    2.23606798E+00
15 9 9    2.44948974E+00
15 9 20    5.65685425E+00
15 9 35    3.87298335E+00
15 10 3    2.00000000E+00
15 10 10    7.34846923E+00
15 10 21    1.09544512E+01
15 10 36    5.91607978E+00
15 12 25    2.00000000E+00
15 13 13    2.44948974E+00
15 13 26    5.65685425E+00
15 14 5    2.00000000E+00
15 14 14    7.34846923E+00
15 14 27    1.09544512E+01
15 15 1    1.00000000E+00
15 15 6    5.65685425E+00
15 15 15    1.46969385E+01
15 15 28    1.78885438E+01
15 17 32    2.00000000E+00
15 18 18    2.44948974E+00
15 18 33    5.65685425E+00
15 19 8    2.00000000E+00
15 19 19    7.34846923E+00
15 19 34    1.09544512E+01
15 20 2    1.00000000E+00
15 20 9    5.65685425E+00
15 20 20    1.46969385E+01
15 20 35    1.78885438E+01
15 21 3    2.23606798E+00
15 21 10    1.09544512E+01
15 21 21    2.44948974E+01
15 21 36    2.64575131E+01
15 24 24    2.44948974E+00
15 25 12    2.00000000E+00
15 25 25    7.34846923E+00
15 26 4    1.00000000E+00
15 26 13    5.65685425E+00
15 26 26    1.46969385E+01
15 27 5    2.23606798E+00
15 27 14    1.09544512E+01
15 27 27    2.44948974E+01
15 28 6    3.87298335E+00
15 28 15    1.78885438E+01
15 28 28    3.67423461E+01
15 31 31    2.44948974E+00
15 32 17    2.00000000E+00
15 32 32    7.34846923E+00
15 33 7    1.00000000E+00
15 33 18    5.65685425E+00
15 33 33    1.46969385E+01
15 34 8    2.23606798E+00
15 34 19    1.09544512E+01
15 34 34    2.44948974E+01
15 35 9    3.87298335E+00
15 35 20    1.78885438E+01
15 35 35    3.67423461E+01
15 36 10    5.91607978E+00
15 36 21    2.64575131E+01
15 36 36    5.14392846E+01
16 1 16    1.00000000E+00
16 2 11    2.23606798E+00
16 2 22    2.44948974E+00
16 3 23    1.00000000E+00
16 4 7    3.16227766E+00
16 4 16    7.07106781E+00
16 4 29    4.58257569E+00
16 5 17    2.23606798E+00
16 5 30    2.44948974E+00
16 6 31    1.00000000E+00
16 7 4    3.16227766E+00
16 7 11    1.09544512E+01
16 7 22    1.50000000E+01
16 8 12    3.16227766E+00
16 8 23    7.07106781E+00
16 9 24    2.23606798E+00
16 11 2    2.23606798E+00
16 11 7    1.09544512E+01
16 11 16    2.44948974E+01
16 11 29    2.64575131E+01
16 12 8    3.16227766E+00
16 12 17    1.09544512E+01
16 12 30    1.50000000E+01
16 13 18    3.16227766E+00
16 13 31    7.07106781E+00
16 14 32    2.23606798E+00
16 16 1    1.00000000E+00
16 16 4    7.07106781E+00
16 16 11    2.44948974E+01
16 16 22    4.47213595E+01
16 17 5    2.23606798E+00
16 17 12    1.09544512E+01
16 17 23    2.44948974E+01
16 18 13    3.16227766E+00
16 18 24    1.09544512E+01
16 19 25    3.16227766E+00
16 22 2    2.44948974E+00
16 22 7    1.50000000E+01
16 22 16    4.47213595E+01
16 22 29    7.24568837E+01
16 23 3    1.00000000E+00
16 23 8    7.07106781E+00
16 23 17    2.44948974E+01
16 23 30    4.47213595E+01
16 24 9    2.23606798E+00
16 24 18    1.09544512E+01
16 24 31    2.44948974E+01
16 25 19    3.16227766E+00
16 25 32    1.09544512E+01
16 26 33    3.16227766E+00
16 29 4    4.58257569E+00
16 29 11    2.64575131E+01
16 29 22    7.24568837E+01
16 30 5    2.44948974E+00
16 30 12    1.50000000E+01
16 30 23    4.47213595E+01
16 31 6    1.00000000E+00
16 31 13    7.07106781E+00
16 31 24    2.44948974E+01
16 32 14    2.23606798E+00
16 32 25    1.09544512E+01
16 33 26    3.16227766E+00
17 1 17    1.00000000E+00
17 2 12    2.00000000E+00
17 2 23    2.23606798E+00
17 3 11    1.00000000E+00
17 3 24    1.41421356E+00
17 4 8    2.44948974E+00
17 4 17    5.65685425E+00
17 4 30    3.87298335E+00
17 5 7    2.00000000E+00
17 5 16    2.23606798E+00
17 5 18    2.82842712E+00
17 5 31    3.16227766E+00
17 6 17    1.41421356E+00
17 6 32    1.73205081E+00
17 7 5    2.00000000E+00
17 7 12    7.34846923E+00
17 7 23    1.09544512E+01
17 8 4    2.44948974E+00
17 8 11    5.65685425E+00
17 8 13    3.46410162E+00
17 8 22    3.87298335E+00
17 8 24    8.00000000E+00
17 9 12    2.82842712E+00
17 9 23    3.16227766E+00
17 9 25    3.46410162E+00
17 10 24    1.73205081E+00
17 11 3    1.00000000E+00
17 11 8    5.65685425E+00
17 11 17    1.46969385E+01
17 11 30    1.78885438E+01
17 12 2    2.00000000E+00
17 12 7    7.34846923E+00
17 12 9    2.82842712E+00
17 12 16    1.09544512E+01
17 12 18    1.03923048E+01
17 12 29    5.91607978E+00
17 12 31    1.54919334E+01
17 13 8    3.46410162E+00
17 13 17    8.00000000E+00
17 13 19    4.24264069E+00
17 13 30    5.47722558E+00
17 13 32    9.79795897E+00
17 14 18    3.46410162E+00
17 14 31    3.87298335E+00
17 14 33    4.00000000E+00
17 15 32    2.00000000E+00
17 16 5    2.23606798E+00
17 16 12    1.09544512E+01
17 16 23    2.44948974E+01
17 17 1    1.00000000E+00
17 17 4    5.65685425E+00
17 17 6    1.41421356E+00
17 17 11    1.46969385E+01
17 17 13    8.00000000E+00
17 17 22    1.78885438E+01
17 17 24    2.07846097E+01
17 18 5    2.82842712E+00
17 18 12    1.03923048E+01
17 18 14    3.46410162E+00
17 18 23    1.54919334E+01
17 18 25    1.27279221E+01
17 19 13    4.24264069E+00
17 19 24    9.79795897E+00
17 19 26    4.89897949E+00
17 20 25    4.00000000E+00
17 22 8    3.87298335E+00
17 22 17    1.78885438E+01
17 22 30    3.67423461E+01
17 23 2    2.23606798E+00
17 23 7    1.09544512E+01
17 23 9    3.16227766E+00
17 23 16    2.44948974E+01
17 23 18    1.54919334E+01
17 23 29    2.64575131E+01
17 23 31    3.46410162E+01
17 24 3    1.41421356E+00
17 24 8    8.00000000E+00
17 24 10    1.73205081E+00
17 24 17    2.07846097E+01
17 24 19    9.79795897E+00
17 24 30    2.52982213E+01
17 24 32    2.54558441E+01
17 25 9    3.46410162E+00
17 25 18    1.27279221E+01
17 25 20    4.00000000E+00
17 25 31    1.89736660E+01
17 25 33    1.46969385E+01
17 26 19    4.89897949E+00
17 26 32    1.13137085E+01
17 26 34    5.47722558E+00
17 27 33    4.47213595E+00
17 29 12    5.91607978E+00
17 29 23    2.64575131E+01
17 30 4    3.87298335E+00
17 30 11    1.78885438E+01
17 30 13    5.47722558E+00
17 30 22    3.67423461E+01
17 30 24    2.52982213E+01
17 31 5    3.16227766E+00
17 31 12    1.54919334E+01
17 31 14    3.87298335E+00
17 31 23    3.46410162E+01
17 31 25    1.89736660E+01
17 32 6    1.73205081E+00
17 32 13    9.79795897E+00
17 32 15    2.00000000E+00
17 32 24    2.54558441E+01
17 32 26    1.13137085E+01
17 33 14    4.00000000E+00
17 33 25    1.46969385E+01
17 33 27    4.47213595E+00
17 34 26    5.47722558E+00
18 1 18    1.00000000E+00
18 2 13    1.73205081E+00
18 2 24    2.00000000E+00
18 3 12    1.41421356E+00
18 3 25    1.73205081E+00
18 4 9    1.73205081E+00
18 4 18    4.24264069E+00
18 4 31    3.16227766E+00
18 5 8    2.44948974E+00
18 5 17    2.82842712E+00
18 5 19    3.00000000E+00
18 5 32    3.46410162E+00
18 6 7    1.00000000E+00
18 6 18    2.82842712E+00
18 6 33    2.44948974E+00
18 7 6    1.00000000E+00
18 7 13    4.24264069E+00
18 7 24    7.34846923E+00
18 8 5    2.44948974E+00
18 8 12    6.00000000E+00
18 8 14    3.00000000E+00
18 8 23    4.47213595E+00
18 8 25    7.34846923E+00
18 9 4    1.73205081E+00
18 9 11    2.00000000E+00
18 9 13    4.89897949E+00
18 9 24    5.65685425E+00
18 9 26    4.24264069E+00
18 10 12    1.73205081E+00
18 10 25    4.24264069E+00
18 11 9    2.00000000E+00
18 11 18    7.34846923E+00
18 11 31    1.09544512E+01
18 12 3    1.41421356E+00
18 12 8    6.00000000E+00
18 12 10    1.73205081E+00
18 12 17    1.03923048E+01
18 12 19    7.34846923E+00
18 12 30    6.32455532E+00
18 12 32    1.27279221E+01
18 13 2    1.73205081E+00
18 13 7    4.24264069E+00
18 13 9    4.89897949E+00
18 13 16    3.16227766E+00
18 13 18    1.20000000E+01
18 13 20    4.24264069E+00
18 13 31    8.94427191E+00
18 13 33    1.03923048E+01
18 14 8    3.00000000E+00
18 14 17    3.46410162E+00
18 14 19    7.34846923E+00
18 14 32    8.48528137E+00
18 14 34    5.47722558E+00
18 15 18    2.44948974E+00
18 15 33    5.65685425E+00
18 16 13    3.16227766E+00
18 16 24    1.09544512E+01
18 17 5    2.82842712E+00
18 17 12    1.03923048E+01
18 17 14    3.46410162E+00
18 17 23    1.54919334E+01
18 17 25    1.27279221E+01
18 18 1    1.00000000E+00
18 18 4    4.24264069E+00
18 18 6    2.82842712E+00
18 18 11    7.34846923E+00
18 18 13    1.20000000E+01
18 18 15    2.44948974E+00
18 18 22    4.47213595E+00
18 18 24    2.07846097E+01
18 18 26    1.03923048E+01
18 19 5    3.00000000E+00
18 19 12    7.34846923E+00
18 19 14    7.34846923E+00
18 19 23    5.47722558E+00
18 19 25    1.80000000E+01
18 19 27    5.47722558E+00
18 20 13    4.24264069E+00
18 20 24    4.89897949E+00
18 20 26    9.79795897E+00
18 21 25    3.16227766E+00
18 22 18    4.47213595E+00
18 22 31    1.50000000E+01
18 23 8    4.47213595E+00
18 23 17    1.54919334E+01
18 23 19    5.47722558E+00
18 23 30    2.12132034E+01
18 23 32    1.89736660E+01
18 24 2    2.00000000E+00
18 24 7    7.34846923E+00
18 24 9    5.65685425E+00
18 24 16    1.09544512E+01
18 24 18    2.07846097E+01
18 24 20    4.89897949E+00
18 24 29    5.91607978E+00
18 24 31    3.09838668E+01
18 24 33    1.80000000E+01
18 25 3    1.73205081E+00
18 25 8    7.34846923E+00
18 25 10    4.24264069E+00
18 25 17    1.27279221E+01
18 25 19    1.80000000E+01
18 25 21    3.16227766E+00
18 25 30    7.74596669E+00
18 25 32    3.11769145E+01
18 25 34    1.34164079E+01
18 26 9    4.24264069E+00
18 26 18    1.03923048E+01
18 26 20    9.79795897E+00
18 26 31    7.74596669E+00
18 26 33    2.40000000E+01
18 26 35    6.70820393E+00
18 27 19    5.47722558E+00
18 27 32    6.32455532E+00
18 27 34    1.22474487E+01
18 28 33    3.87298335E+00
18 29 24    5.91607978E+00
18 30 12    6.32455532E+00
18 30 23    2.12132034E+01
18 30 25    7.74596669E+00
18 31 4    3.16227766E+00
18 31 11    1.09544512E+01
18 31 13    8.94427191E+00
18 31 22    1.50000000E+01
18 31 24    3.09838668E+01
18 31 26    7.74596669E+00
18 32 5    3.46410162E+00
18 32 12    1.27279221E+01
18 32 14    8.48528137E+00
18 32 23    1.89736660E+01
18 32 25    3.11769145E+01
18 32 27    6.32455532E+00
18 33 6    2.44948974E+00
18 33 13    1.03923048E+01
18 33 15    5.65685425E+00
18 33 24    1.80000000E+01
18 33 26    2.40000000E+01
18 33 28    3.87298335E+00
18 34 14    5.47722558E+00
18 34 25    1.34164079E+01
18 34 27    1.22474487E+01
18 35 26    6.70820393E+00
19 1 19    1.00000000E+00
19 2 14    1.41421356E+00
19 2 25    1.73205081E+00
19 3 13    1.73205081E+00
19 3 26    2.00000000E+00
19 4 10    1.00000000E+00
19 4 19    2.82842712E+00
19 4 32    2.44948974E+00
19 5 9    2.44948974E+00
19 5 18    3.00000000E+00
19 5 20    2.82842712E+00
19 5 33    3.46410162E+00
19 6 8    1.73205081E+00
19 6 19    4.24264069E+00
19 6 34    3.16227766E+00
19 7 14    1.73205081E+00
19 7 25    4.24264069E+00
19 8 6    1.73205081E+00
19 8 13    4.89897949E+00
19 8 15    2.00000000E+00
19 8 24    4.24264069E+00
19 8 26    5.65685425E+00
19 9 5    2.44948974E+00
19 9 12    3.00000000E+00
19 9 14    6.00000000E+00
19 9 25    7.34846923E+00
19 9 27    4.47213595E+00
19 10 4    1.00000000E+00
19 10 13    4.24264069E+00
19 10 26    7.34846923E+00
19 11 19    2.44948974E+00
19 11 32    5.65685425E+00
19 12 9    3.00000000E+00
19 12 18    7.34846923E+00
19 12 20    3.46410162E+00
19 12 31    5.47722558E+00
19 12 33    8.48528137E+00
19 13 3    1.73205081E+00
19 13 8    4.89897949E+00
19 13 10    4.24264069E+00
19 13 17    4.24264069E+00
19 13 19    1.20000000E+01
19 13 21    3.16227766E+00
19 13 32    1.03923048E+01
19 13 34    8.94427191E+00
19 14 2    1.41421356E+00
19 14 7    1.73205081E+00
19 14 9    6.00000000E+00
19 14 18    7.34846923E+00
19 14 20    1.03923048E+01
19 14 33    1.27279221E+01
19 14 35    6.32455532E+00
19 15 8    2.00000000E+00
19 15 19    7.34846923E+00
19 15 34    1.09544512E+01
19 16 25    3.16227766E+00
19 17 13    4.24264069E+00
19 17 24    9.79795897E+00
19 17 26    4.89897949E+00
19 18 5    3.00000000E+00
19 18 12    7.34846923E+00
19 18 14    7.34846923E+00
19 18 23    5.47722558E+00
19 18 25    1.80000000E+01
19 18 27    5.47722558E+00
19 19 1    1.00000000E+00
19 19 4    2.82842712E+00
19 19 6    4.24264069E+00
19 19 11    2.44948974E+00
19 19 13    1.20000000E+01
19 19 15    7.34846923E+00
19 19 24    1.03923048E+01
19 19 26    2.07846097E+01
19 19 28    4.47213595E+00
19 20 5    2.82842712E+00
19 20 12    3.46410162E+00
19 20 14    1.03923048E+01
19 20 25    1.27279221E+01
19 20 27    1.54919334E+01
19 21 13    3.16227766E+00
19 21 26    1.09544512E+01
19 22 32    3.87298335E+00
19 23 18    5.47722558E+00
19 23 31    1.22474487E+01
19 23 33    6.32455532E+00
19 24 8    4.24264069E+00
19 24 17    9.79795897E+00
19 24 19    1.03923048E+01
19 24 30    6.70820393E+00
19 24 32    2.40000000E+01
19 24 34    7.74596669E+00
19 25 2    1.73205081E+00
19 25 7    4.24264069E+00
19 25 9    7.34846923E+00
19 25 16    3.16227766E+00
19 25 18    1.80000000E+01
19 25 20    1.27279221E+01
19 25 31    1.34164079E+01
19 25 33    3.11769145E+01
19 25 35    7.74596669E+00
19 26 3    2.00000000E+00
19 26 8    5.65685425E+00
19 26 10    7.34846923E+00
19 26 17    4.89897949E+00
19 26 19    2.07846097E+01
19 26 21    1.09544512E+01
19 26 32    1.80000000E+01
19 26 34    3.09838668E+01
19 26 36    5.91607978E+00
19 27 9    4.47213595E+00
19 27 18    5.47722558E+00
19 27 20    1.54919334E+01
19 27 33    1.89736660E+01
19 27 35    2.12132034E+01
19 28 19    4.47213595E+00
19 28 34    1.50000000E+01
19 30 24    6.70820393E+00
19 31 12    5.47722558E+00
19 31 23    1.22474487E+01
19 31 25    1.34164079E+01
19 32 4    2.44948974E+00
19 32 11    5.65685425E+00
19 32 13    1.03923048E+01
19 32 22    3.87298335E+00
19 32 24    2.40000000E+01
19 32 26    1.80000000E+01
19 33 5    3.46410162E+00
19 33 12    8.48528137E+00
19 33 14    1.27279221E+01
19 33 23    6.32455532E+00
19 33 25    3.11769145E+01
19 33 27    1.89736660E+01
19 34 6    3.16227766E+00
19 34 13    8.94427191E+00
19 34 15    1.09544512E+01
19 34 24    7.74596669E+00
19 34 26    3.09838668E+01
19 34 28    1.50000000E+01
19 35 14    6.32455532E+00
19 35 25    7.74596669E+00
19 35 27    2.12132034E+01
19 36 26    5.91607978E+00
20 1 20    1.00000000E+00
20 2 15    1.00000000E+00
20 2 26    1.41421356E+00
20 3 14    2.00000000E+00
20 3 27    2.23606798E+00
20 4 20    1.41421356E+00
20 4 33    1.73205081E+00
20 5 10    2.00000000E+00
20 5 19    2.82842712E+00
20 5 21    2.23606798E+00
20 5 34    3.16227766E+00
20 6 9    2.44948974E+00
20 6 20    5.65685425E+00
20 6 35    3.87298335E+00
20 7 26    1.73205081E+00
20 8 14    2.82842712E+00
20 8 25    3.46410162E+00
20 8 27    3.16227766E+00
20 9 6    2.44948974E+00
20 9 13    3.46410162E+00
20 9 15    5.65685425E+00
20 9 26    8.00000000E+00
20 9 28    3.87298335E+00
20 10 5    2.00000000E+00
20 10 14    7.34846923E+00
20 10 27    1.09544512E+01
20 11 33    2.00000000E+00
20 12 19    3.46410162E+00
20 12 32    4.00000000E+00
20 12 34    3.87298335E+00
20 13 9    3.46410162E+00
20 13 18    4.24264069E+00
20 13 20    8.00000000E+00
20 13 33    9.79795897E+00
20 13 35    5.47722558E+00
20 14 3    2.00000000E+00
20 14 8    2.82842712E+00
20 14 10    7.34846923E+00
20 14 19    1.03923048E+01
20 14 21    1.09544512E+01
20 14 34    1.54919334E+01
20 14 36    5.91607978E+00
20 15 2    1.00000000E+00
20 15 9    5.65685425E+00
20 15 20    1.46969385E+01
20 15 35    1.78885438E+01
20 17 25    4.00000000E+00
20 18 13    4.24264069E+00
20 18 24    4.89897949E+00
20 18 26    9.79795897E+00
20 19 5    2.82842712E+00
20 19 12    3.46410162E+00
20 19 14    1.03923048E+01
20 19 25    1.27279221E+01
20 19 27    1.54919334E+01
20 20 1    1.00000000E+00
20 20 4    1.41421356E+00
20 20 6    5.65685425E+00
20 20 13    8.00000000E+00
20 20 15    1.46969385E+01
20 20 26    2.07846097E+01
20 20 28    1.78885438E+01
20 21 5    2.23606798E+00
20 21 14    1.09544512E+01
20 21 27    2.44948974E+01
20 23 32    4.47213595E+00
20 24 18    4.89897949E+00
20 24 31    5.47722558E+00
20 24 33    1.13137085E+01
20 25 8    3.46410162E+00
20 25 17    4.00000000E+00
20 25 19    1.27279221E+01
20 25 32    1.46969385E+01
20 25 34    1.89736660E+01
20 26 2    1.41421356E+00
20 26 7    1.73205081E+00
20 26 9    8.00000000E+00
20 26 18    9.79795897E+00
20 26 20    2.07846097E+01
20 26 33    2.54558441E+01
20 26 35    2.52982213E+01
20 27 3    2.23606798E+00
20 27 8    3.16227766E+00
20 27 10    1.09544512E+01
20 27 19    1.54919334E+01
20 27 21    2.44948974E+01
20 27 34    3.46410162E+01
20 27 36    2.64575131E+01
20 28 9    3.87298335E+00
20 28 20    1.78885438E+01
20 28 35    3.67423461E+01
20 31 24    5.47722558E+00
20 32 12    4.00000000E+00
20 32 23    4.47213595E+00
20 32 25    1.46969385E+01
20 33 4    1.73205081E+00
20 33 11    2.00000000E+00
20 33 13    9.79795897E+00
20 33 24    1.13137085E+01
20 33 26    2.54558441E+01
20 34 5    3.16227766E+00
20 34 12    3.87298335E+00
20 34 14    1.54919334E+01
20 34 25    1.89736660E+01
20 34 27    3.46410162E+01
20 35 6    3.87298335E+00
20 35 13    5.47722558E+00
20 35 15    1.78885438E+01
20 35 26    2.52982213E+01
20 35 28    3.67423461E+01
20 36 14    5.91607978E+00
20 36 27    2.64575131E+01
21 1 21    1.00000000E+00
21 2 27    1.00000000E+00
21 3 15    2.23606798E+00
21 3 28    2.44948974E+00
21 4 34    1.00000000E+00
21 5 20    2.23606798E+00
21 5 35    2.44948974E+00
21 6 10    3.16227766E+00
21 6 21    7.07106781E+00
21 6 36    4.58257569E+00
21 8 26    2.23606798E+00
21 9 14    3.16227766E+00
21 9 27    7.07106781E+00
21 10 6    3.16227766E+00
21 10 15    1.09544512E+01
21 10 28    1.50000000E+01
21 12 33    2.23606798E+00
21 13 19    3.16227766E+00
21 13 34    7.07106781E+00
21 14 9    3.16227766E+00
21 14 20    1.09544512E+01
21 14 35    1.50000000E+01
21 15 3    2.23606798E+00
21 15 10    1.09544512E+01
21 15 21    2.44948974E+01
21 15 36    2.64575131E+01
21 18 25    3.16227766E+00
21 19 13    3.16227766E+00
21 19 26    1.09544512E+01
21 20 5    2.23606798E+00
21 20 14    1.09544512E+01
21 20 27    2.44948974E+01
21 21 1    1.00000000E+00
21 21 6    7.07106781E+00
21 21 15    2.44948974E+01
21 21 28    4.47213595E+01
21 24 32    3.16227766E+00
21 25 18    3.16227766E+00
21 25 33    1.09544512E+01
21 26 8    2.23606798E+00
21 26 19    1.09544512E+01
21 26 34    2.44948974E+01
21 27 2    1.00000000E+00
21 27 9    7.07106781E+00
21 27 20    2.44948974E+01
21 27 35    4.47213595E+01
21 28 3    2.44948974E+00
21 28 10    1.50000000E+01
21 28 21    4.47213595E+01
21 28 36    7.24568837E+01
21 32 24    3.16227766E+00
21 33 12    2.23606798E+00
21 33 25    1.09544512E+01
21 34 4    1.00000000E+00
21 34 13    7.07106781E+00
21 34 26    2.44948974E+01
21 35 5    2.44948974E+00
21 35 14    1.50000000E+01
21 35 27    4.47213595E+01
21 36 6    4.58257569E+00
21 36 15    2.64575131E+01
21 36 28    7.24568837E+01
22 1 22    1.00000000E+00
22 2 16    2.44948974E+00
22 2 29    2.64575131E+00
22 3 30    1.00000000E+00
22 4 11    3.87298335E+00
22 4 22    8.48528137E+00
22 5 23    2.44948974E+00
22 7 7    4.47213595E+00
22 7 16    1.50000000E+01
22 7 29    1.94422221E+01
22 8 17    3.87298335E+00
22 8 30    8.48528137E+00
22 9 31    2.44948974E+00
22 11 4    3.87298335E+00
22 11 11    1.78885438E+01
22 11 22    3.67423461E+01
22 12 12    4.47213595E+00
22 12 23    1.50000000E+01
22 13 24    3.87298335E+00
22 16 2    2.44948974E+00
22 16 7    1.50000000E+01
22 16 16    4.47213595E+01
22 16 29    7.24568837E+01
22 17 8    3.87298335E+00
22 17 17    1.78885438E+01
22 17 30    3.67423461E+01
22 18 18    4.47213595E+00
22 18 31    1.50000000E+01
22 19 32    3.87298335E+00
22 22 1    1.00000000E+00
22 22 4    8.48528137E+00
22 22 11    3.67423461E+01
22 22 22    8.94427191E+01
22 23 5    2.44948974E+00
22 23 12    1.50000000E+01
22 23 23    4.47213595E+01
22 24 13    3.87298335E+00
22 24 24    1.78885438E+01
22 25 25    4.47213595E+00
22 29 2    2.64575131E+00
22 29 7    1.94422221E+01
22 29 16    7.24568837E+01
22 29 29    1.56524758E+02
22 30 3    1.00000000E+00
22 30 8    8.48528137E+00
22 30 17    3.67423461E+01
22 30 30    8.94427191E+01
22 31 9    2.44948974E+00
22 31 18    1.50000000E+01
22 31 31    4.47213595E+01
22 32 19    3.87298335E+00
22 32 32    1.78885438E+01
22 33 33    4.47213595E+00
23 1 23    1.00000000E+00
23 2 17    2.23606798E+00
23 2 30    2.44948974E+00
23 3 16    1.00000000E+00
23 3 31    1.41421356E+00
23 4 12    3.16227766E+00
23 4 23    7.07106781E+00
23 5 11    2.23606798E+00
23 5 22    2.44948974E+00
23 5 24    3.16227766E+00
23 6 23    1.41421356E+00
23 7 8    3.16227766E+00
23 7 17    1.09544512E+01
23 7 30    1.50000000E+01
23 8 7    3.16227766E+00
23 8 16    7.07106781E+00
23 8 18    4.47213595E+00
23 8 29    4.58257569E+00
23 8 31    1.00000000E+01
23 9 17    3.16227766E+00
23 9 30    3.46410162E+00
23 9 32    3.87298335E+00
23 10 31    1.73205081E+00
23 11 5    2.23606798E+00
23 11 12    1.09544512E+01
23 11 23    2.44948974E+01
23 12 4    3.16227766E+00
23 12 11    1.09544512E+01
23 12 13    4.47213595E+00
23 12 22    1.50000000E+01
23 12 24    1.54919334E+01
23 13 12    4.47213595E+00
23 13 23    1.00000000E+01
23 13 25    5.47722558E+00
23 14 24    3.87298335E+00
23 16 3    1.00000000E+00
23 16 8    7.07106781E+00
23 16 17    2.44948974E+01
23 16 30    4.47213595E+01
23 17 2    2.23606798E+00
23 17 7    1.09544512E+01
23 17 9    3.16227766E+00
23 17 16    2.44948974E+01
23 17 18    1.54919334E+01
23 17 29    2.64575131E+01
23 17 31    3.46410162E+01
23 18 8    4.47213595E+00
23 18 17    1.54919334E+01
23 18 19    5.47722558E+00
23 18 30    2.12132034E+01
23 18 32    1.89736660E+01
23 19 18    5.47722558E+00
23 19 31    1.22474487E+01
23 19 33    6.32455532E+00
23 20 32    4.47213595E+00
23 22 5    2.44948974E+00
23 22 12    1.50000000E+01
23 22 23    4.47213595E+01
23 23 1    1.00000000E+00
23 23 4    7.07106781E+00
23 23 6    1.41421356E+00
23 23 11    2.44948974E+01
23 23 13    1.00000000E+01
23 23 22    4.47213595E+01
23 23 24    3.46410162E+01
23 24 5    3.16227766E+00
23 24 12    1.54919334E+01
23 24 14    3.87298335E+00
23 24 23    3.46410162E+01
23 24 25    1.89736660E+01
23 25 13    5.47722558E+00
23 25 24    1.89736660E+01
23 25 26    6.32455532E+00
23 26 25    6.32455532E+00
23 29 8    4.58257569E+00
23 29 17    2.64575131E+01
23 29 30    7.24568837E+01
23 30 2    2.44948974E+00
23 30 7    1.50000000E+01
23 30 9    3.46410162E+00
23 30 16    4.47213595E+01
23 30 18    2.12132034E+01
23 30 29    7.24568837E+01
23 30 31    6.32455532E+01
23 31 3    1.41421356E+00
23 31 8    1.00000000E+01
23 31 10    1.73205081E+00
23 31 17    3.46410162E+01
23 31 19    1.22474487E+01
23 31 30    6.32455532E+01
23 31 32    4.24264069E+01
23 32 9    3.87298335E+00
23 32 18    1.89736660E+01
23 32 20    4.47213595E+00
23 32 31    4.24264069E+01
23 32 33    2.19089023E+01
23 33 19    6.32455532E+00
23 33 32    2.19089023E+01
23 33 34    7.07106781E+00
23 34 33    7.07106781E+00
24 1 24    1.00000000E+00
24 2 18    2.00000000E+00
24 2 31    2.23606798E+00
24 3 17    1.41421356E+00
24 3 32    1.73205081E+00
24 4 13    2.44948974E+00
24 4 24    5.65685425E+00
24 5 12    2.82842712E+00
24 5 23    3.16227766E+00
24 5 25    3.46410162E+00
24 6 11    1.00000000E+00
24 6 24    2.82842712E+00
24 7 9    2.00000000E+00
24 7 18    7.34846923E+00
24 7 31    1.09544512E+01
24 8 8    3.46410162E+00
24 8 17    8.00000000E+00
24 8 19    4.24264069E+00
24 8 30    5.47722558E+00
24 8 32    9.79795897E+00
24 9 7    2.00000000E+00
24 9 16    2.23606798E+00
24 9 18    5.65685425E+00
24 9 31    6.32455532E+00
24 9 33    4.89897949E+00
24 10 17    1.73205081E+00
24 10 32    4.24264069E+00
24 11 6    1.00000000E+00
24 11 13    5.65685425E+00
24 11 24    1.46969385E+01
24 12 5    2.82842712E+00
24 12 12    1.03923048E+01
24 12 14    3.46410162E+00
24 12 23    1.54919334E+01
24 12 25    1.27279221E+01
24 13 4    2.44948974E+00
24 13 11    5.65685425E+00
24 13 13    6.92820323E+00
24 13 22    3.87298335E+00
24 13 24    1.60000000E+01
24 13 26    6.00000000E+00
24 14 12    3.46410162E+00
24 14 23    3.87298335E+00
24 14 25    8.48528137E+00
24 15 24    2.44948974E+00
24 16 9    2.23606798E+00
24 16 18    1.09544512E+01
24 16 31    2.44948974E+01
24 17 3    1.41421356E+00
24 17 8    8.00000000E+00
24 17 10    1.73205081E+00
24 17 17    2.07846097E+01
24 17 19    9.79795897E+00
24 17 30    2.52982213E+01
24 17 32    2.54558441E+01
24 18 2    2.00000000E+00
24 18 7    7.34846923E+00
24 18 9    5.65685425E+00
24 18 16    1.09544512E+01
24 18 18    2.07846097E+01
24 18 20    4.89897949E+00
24 18 29    5.91607978E+00
24 18 31    3.09838668E+01
24 18 33    1.80000000E+01
24 19 8    4.24264069E+00
24 19 17    9.79795897E+00
24 19 19    1.03923048E+01
24 19 30    6.70820393E+00
24 19 32    2.40000000E+01
24 19 34    7.74596669E+00
24 20 18    4.89897949E+00
24 20 31    5.47722558E+00
24 20 33    1.13137085E+01
24 21 32    3.16227766E+00
24 22 13    3.87298335E+00
24 22 24    1.78885438E+01
24 23 5    3.16227766E+00
24 23 12    1.54919334E+01
24 23 14    3.87298335E+00
24 23 23    3.46410162E+01
24 23 25    1.89736660E+01
24 24 1    1.00000000E+00
24 24 4    5.65685425E+00
24 24 6    2.82842712E+00
24 24 11    1.46969385E+01
24 24 13    1.60000000E+01
24 24 15    2.44948974E+00
24 24 22    1.78885438E+01
24 24 24    4.15692194E+01
24 24 26    1.38564065E+01
24 25 5    3.46410162E+00
24 25 12    1.27279221E+01
24 25 14    8.48528137E+00
24 25 23    1.89736660E+01
24 25 25    3.11769145E+01
24 25 27    6.32455532E+00
24 26 13    6.00000000E+00
24 26 24    1.38564065E+01
24 26 26    1.38564065E+01
24 27 25    6.32455532E+00
24 29 18    5.91607978E+00
24 29 31    2.64575131E+01
24 30 8    5.47722558E+00
24 30 17    2.52982213E+01
24 30 19    6.70820393E+00
24 30 30    5.19615242E+01
24 30 32    3.09838668E+01
24 31 2    2.23606798E+00
24 31 7    1.09544512E+01
24 31 9    6.32455532E+00
24 31 16    2.44948974E+01
24 31 18    3.09838668E+01
24 31 20    5.47722558E+00
24 31 29    2.64575131E+01
24 31 31    6.92820323E+01
24 31 33    2.68328157E+01
24 32 3    1.73205081E+00
24 32 8    9.79795897E+00
24 32 10    4.24264069E+00
24 32 17    2.54558441E+01
24 32 19    2.40000000E+01
24 32 21    3.16227766E+00
24 32 30    3.09838668E+01
24 32 32    6.23538291E+01
24 32 34    1.78885438E+01
24 33 9    4.89897949E+00
24 33 18    1.80000000E+01
24 33 20    1.13137085E+01
24 33 31    2.68328157E+01
24 33 33    4.15692194E+01
24 33 35    7.74596669E+00
24 34 19    7.74596669E+00
24 34 32    1.78885438E+01
24 34 34    1.73205081E+01
24 35 33    7.74596669E+00
25 1 25    1.00000000E+00
25 2 19    1.73205081E+00
25 2 32    2.00000000E+00
25 3 18    1.73205081E+00
25 3 33    2.00000000E+00
25 4 14    1.73205081E+00
25 4 25    4.24264069E+00
25 5 13    3.00000000E+00
25 5 24    3.46410162E+00
25 5 26    3.46410162E+00
25 6 12    1.73205081E+00
25 6 25    4.24264069E+00
25 7 10    1.00000000E+00
25 7 19    4.24264069E+00
25 7 32    7.34846923E+00
25 8 9    3.00000000E+00
25 8 18    7.34846923E+00
25 8 20    3.46410162E+00
25 8 31    5.47722558E+00
25 8 33    8.48528137E+00
25 9 8    3.00000000E+00
25 9 17    3.46410162E+00
25 9 19    7.34846923E+00
25 9 32    8.48528137E+00
25 9 34    5.47722558E+00
25 10 7    1.00000000E+00
25 10 18    4.24264069E+00
25 10 33    7.34846923E+00
25 11 14    2.00000000E+00
25 11 25    7.34846923E+00
25 12 6    1.73205081E+00
25 12 13    7.34846923E+00
25 12 15    2.00000000E+00
25 12 24    1.27279221E+01
25 12 26    8.48528137E+00
25 13 5    3.00000000E+00
25 13 12    7.34846923E+00
25 13 14    7.34846923E+00
25 13 23    5.47722558E+00
25 13 25    1.80000000E+01
25 13 27    5.47722558E+00
25 14 4    1.73205081E+00
25 14 11    2.00000000E+00
25 14 13    7.34846923E+00
25 14 24    8.48528137E+00
25 14 26    1.27279221E+01
25 15 12    2.00000000E+00
25 15 25    7.34846923E+00
25 16 19    3.16227766E+00
25 16 32    1.09544512E+01
25 17 9    3.46410162E+00
25 17 18    1.27279221E+01
25 17 20    4.00000000E+00
25 17 31    1.89736660E+01
25 17 33    1.46969385E+01
25 18 3    1.73205081E+00
25 18 8    7.34846923E+00
25 18 10    4.24264069E+00
25 18 17    1.27279221E+01
25 18 19    1.80000000E+01
25 18 21    3.16227766E+00
25 18 30    7.74596669E+00
25 18 32    3.11769145E+01
25 18 34    1.34164079E+01
25 19 2    1.73205081E+00
25 19 7    4.24264069E+00
25 19 9    7.34846923E+00
25 19 16    3.16227766E+00
25 19 18    1.80000000E+01
25 19 20    1.27279221E+01
25 19 31    1.34164079E+01
25 19 33    3.11769145E+01
25 19 35    7.74596669E+00
25 20 8    3.46410162E+00
25 20 17    4.00000000E+00
25 20 19    1.27279221E+01
25 20 32    1.46969385E+01
25 20 34    1.89736660E+01
25 21 18    3.16227766E+00
25 21 33    1.09544512E+01
25 22 25    4.47213595E+00
25 23 13    5.47722558E+00
25 23 24    1.89736660E+01
25 23 26    6.32455532E+00
25 24 5    3.46410162E+00
25 24 12    1.27279221E+01
25 24 14    8.48528137E+00
25 24 23    1.89736660E+01
25 24 25    3.11769145E+01
25 24 27    6.32455532E+00
25 25 1    1.00000000E+00
25 25 4    4.24264069E+00
25 25 6    4.24264069E+00
25 25 11    7.34846923E+00
25 25 13    1.80000000E+01
25 25 15    7.34846923E+00
25 25 22    4.47213595E+00
25 25 24    3.11769145E+01
25 25 26    3.11769145E+01
25 25 28    4.47213595E+00
25 26 5    3.46410162E+00
25 26 12    8.48528137E+00
25 26 14    1.27279221E+01
25 26 23    6.32455532E+00
25 26 25    3.11769145E+01
25 26 27    1.89736660E+01
25 27 13    5.47722558E+00
25 27 24    6.32455532E+00
25 27 26    1.89736660E+01
25 28 25    4.47213595E+00
25 29 32    5.91607978E+00
25 30 18    7.74596669E+00
25 30 31    2.59807621E+01
25 30 33    8.94427191E+00
25 31 8    5.47722558E+00
25 31 17    1.89736660E+01
25 31 19    1.34164079E+01
25 31 30    2.59807621E+01
25 31 32    4.64758002E+01
25 31 34    1.00000000E+01
25 32 2    2.00000000E+00
25 32 7    7.34846923E+00
25 32 9    8.48528137E+00
25 32 16    1.09544512E+01
25 32 18    3.11769145E+01
25 32 20    1.46969385E+01
25 32 29    5.91607978E+00
25 32 31    4.64758002E+01
25 32 33    5.40000000E+01
25 32 35    8.94427191E+00
25 33 3    2.00000000E+00
25 33 8    8.48528137E+00
25 33 10    7.34846923E+00
25 33 17    1.46969385E+01
25 33 19    3.11769145E+01
25 33 21    1.09544512E+01
25 33 30    8.94427191E+00
25 33 32    5.40000000E+01
25 33 34    4.64758002E+01
25 33 36    5.91607978E+00
25 34 9    5.47722558E+00
25 34 18    1.34164079E+01
25 34 20    1.89736660E+01
25 34 31    1.00000000E+01
25 34 33    4.64758002E+01
25 34 35    2.59807621E+01
25 35 19    7.74596669E+00
25 35 32    8.94427191E+00
25 35 34    2.59807621E+01
25 36 33    5.91607978E+00
26 1 26    1.00000000E+00
26 2 20    1.41421356E+00
26 2 33    1.73205081E+00
26 3 19    2.00000000E+00
26 3 34    2.23606798E+00
26 4 15    1.00000000E+00
26 4 26    2.82842712E+00
26 5 14    2.82842712E+00
26 5 25    3.46410162E+00
26 5 27    3.16227766E+00
26 6 13    2.44948974E+00
26 6 26    5.65685425E+00
26 7 20    1.73205081E+00
26 7 33    4.24264069E+00
26 8 10    2.00000000E+00
26 8 19    5.65685425E+00
26 8 21    2.23606798E+00
26 8 32    4.89897949E+00
26 8 34    6.32455532E+00
26 9 9    3.46410162E+00
26 9 18    4.24264069E+00
26 9 20    8.00000000E+00
26 9 33    9.79795897E+00
26 9 35    5.47722558E+00
26 10 8    2.00000000E+00
26 10 19    7.34846923E+00
26 10 34    1.09544512E+01
26 11 26    2.44948974E+00
26 12 14    3.46410162E+00
26 12 25    8.48528137E+00
26 12 27    3.87298335E+00
26 13 6    2.44948974E+00
26 13 13    6.92820323E+00
26 13 15    5.65685425E+00
26 13 24    6.00000000E+00
26 13 26    1.60000000E+01
26 13 28    3.87298335E+00
26 14 5    2.82842712E+00
26 14 12    3.46410162E+00
26 14 14    1.03923048E+01
26 14 25    1.27279221E+01
26 14 27    1.54919334E+01
26 15 4    1.00000000E+00
26 15 13    5.65685425E+00
26 15 26    1.46969385E+01
26 16 33    3.16227766E+00
26 17 19    4.89897949E+00
26 17 32    1.13137085E+01
26 17 34    5.47722558E+00
26 18 9    4.24264069E+00
26 18 18    1.03923048E+01
26 18 20    9.79795897E+00
26 18 31    7.74596669E+00
26 18 33    2.40000000E+01
26 18 35    6.70820393E+00
26 19 3    2.00000000E+00
26 19 8    5.65685425E+00
26 19 10    7.34846923E+00
26 19 17    4.89897949E+00
26 19 19    2.07846097E+01
26 19 21    1.09544512E+01
26 19 32    1.80000000E+01
26 19 34    3.09838668E+01
26 19 36    5.91607978E+00
26 20 2    1.41421356E+00
26 20 7    1.73205081E+00
26 20 9    8.00000000E+00
26 20 18    9.79795897E+00
26 20 20    2.07846097E+01
26 20 33    2.54558441E+01
26 20 35    2.52982213E+01
26 21 8    2.23606798E+00
26 21 19    1.09544512E+01
26 21 34    2.44948974E+01
26 23 25    6.32455532E+00
26 24 13    6.00000000E+00
26 24 24    1.38564065E+01
26 24 26    1.38564065E+01
26 25 5    3.46410162E+00
26 25 12    8.48528137E+00
26 25 14    1.27279221E+01
26 25 23    6.32455532E+00
26 25 25    3.11769145E+01
26 25 27    1.89736660E+01
26 26 1    1.00000000E+00
26 26 4    2.82842712E+00
26 26 6    5.65685425E+00
26 26 11    2.44948974E+00
26 26 13    1.60000000E+01
26 26 15    1.46969385E+01
26 26 24    1.38564065E+01
26 26 26    4.15692194E+01
26 26 28    1.78885438E+01
26 27 5    3.16227766E+00
26 27 12    3.87298335E+00
26 27 14    1.54919334E+01
26 27 25    1.89736660E+01
26 27 27    3.46410162E+01
26 28 13    3.87298335E+00
26 28 26    1.78885438E+01
26 30 32    7.74596669E+00
26 31 18    7.74596669E+00
26 31 31    1.73205081E+01
26 31 33    1.78885438E+01
26 32 8    4.89897949E+00
26 32 17    1.13137085E+01
26 32 19    1.80000000E+01
26 32 30    7.74596669E+00
26 32 32    4.15692194E+01
26 32 34    2.68328157E+01
26 33 2    1.73205081E+00
26 33 7    4.24264069E+00
26 33 9    9.79795897E+00
26 33 16    3.16227766E+00
26 33 18    2.40000000E+01
26 33 20    2.54558441E+01
26 33 31    1.78885438E+01
26 33 33    6.23538291E+01
26 33 35    3.09838668E+01
26 34 3    2.23606798E+00
26 34 8    6.32455532E+00
26 34 10    1.09544512E+01
26 34 17    5.47722558E+00
26 34 19    3.09838668E+01
26 34 21    2.44948974E+01
26 34 32    2.68328157E+01
26 34 34    6.92820323E+01
26 34 36    2.64575131E+01
26 35 9    5.47722558E+00
26 35 18    6.70820393E+00
26 35 20    2.52982213E+01
26 35 33    3.09838668E+01
26 35 35    5.19615242E+01
26 36 19    5.91607978E+00
26 36 34    2.64575131E+01
27 1 27    1.00000000E+00
27 2 21    1.00000000E+00
27 2 34    1.41421356E+00
27 3 20    2.23606798E+00
27 3 35    2.44948974E+00
27 4 27    1.41421356E+00
27 5 15    2.23606798E+00
27 5 26    3.16227766E+00
27 5 28    2.44948974E+00
27 6 14    3.16227766E+00
27 6 27    7.07106781E+00
27 7 34    1.73205081E+00
27 8 20    3.16227766E+00
27 8 33    3.87298335E+00
27 8 35    3.46410162E+00
27 9 10    3.16227766E+00
27 9 19    4.47213595E+00
27 9 21    7.07106781E+00
27 9 34    1.00000000E+01
27 9 36    4.58257569E+00
27 10 9    3.16227766E+00
27 10 20    1.09544512E+01
27 10 35    1.50000000E+01
27 12 26    3.87298335E+00
27 13 14    4.47213595E+00
27 13 25    5.47722558E+00
27 13 27    1.00000000E+01
27 14 6    3.16227766E+00
27 14 13    4.47213595E+00
27 14 15    1.09544512E+01
27 14 26    1.54919334E+01
27 14 28    1.50000000E+01
27 15 5    2.23606798E+00
27 15 14    1.09544512E+01
27 15 27    2.44948974E+01
27 17 33    4.47213595E+00
27 18 19    5.47722558E+00
27 18 32    6.32455532E+00
27 18 34    1.22474487E+01
27 19 9    4.47213595E+00
27 19 18    5.47722558E+00
27 19 20    1.54919334E+01
27 19 33    1.89736660E+01
27 19 35    2.12132034E+01
27 20 3    2.23606798E+00
27 20 8    3.16227766E+00
27 20 10    1.09544512E+01
27 20 19    1.54919334E+01
27 20 21    2.44948974E+01
27 20 34    3.46410162E+01
27 20 36    2.64575131E+01
27 21 2    1.00000000E+00
27 21 9    7.07106781E+00
27 21 20    2.44948974E+01
27 21 35    4.47213595E+01
27 24 25    6.32455532E+00
27 25 13    5.47722558E+00
27 25 24    6.32455532E+00
27 25 26    1.89736660E+01
27 26 5    3.16227766E+00
27 26 12    3.87298335E+00
27 26 14    1.54919334E+01
27 26 25    1.89736660E+01
27 26 27    3.46410162E+01
27 27 1    1.00000000E+00
27 27 4    1.41421356E+00
27 27 6    7.07106781E+00
27 27 13    1.00000000E+01
27 27 15    2.44948974E+01
27 27 26    3.46410162E+01
27 27 28    4.47213595E+01
27 28 5    2.44948974E+00
27 28 14    1.50000000E+01
27 28 27    4.47213595E+01
27 31 32    7.07106781E+00
27 32 18    6.32455532E+00
27 32 31    7.07106781E+00
27 32 33    2.19089023E+01
27 33 8    3.87298335E+00
27 33 17    4.47213595E+00
27 33 19    1.89736660E+01
27 33 32    2.19089023E+01
27 33 34    4.24264069E+01
27 34 2    1.41421356E+00
27 34 7    1.73205081E+00
27 34 9    1.00000000E+01
27 34 18    1.22474487E+01
27 34 20    3.46410162E+01
27 34 33    4.24264069E+01
27 34 35    6.32455532E+01
27 35 3    2.44948974E+00
27 35 8    3.46410162E+00
27 35 10    1.50000000E+01
27 35 19    2.12132034E+01
27 35 21    4.47213595E+01
27 35 34    6.32455532E+01
27 35 36    7.24568837E+01
27 36 9    4.58257569E+00
27 36 20    2.64575131E+01
27 36 35    7.24568837E+01
28 1 28    1.00000000E+00
28 2 35    1.00000000E+00
28 3 21    2.44948974E+00
28 3 36    2.64575131E+00
28 5 27    2.44948974E+00
28 6 15    3.87298335E+00
28 6 28    8.48528137E+00
28 8 34    2.44948974E+00
28 9 20    3.87298335E+00
28 9 35    8.48528137E+00
28 10 10    4.47213595E+00
28 10 21    1.50000000E+01
28 10 36    1.94422221E+01
28 13 26    3.87298335E+00
28 14 14    4.47213595E+00
28 14 27    1.50000000E+01
28 15 6    3.87298335E+00
28 15 15    1.78885438E+01
28 15 28    3.67423461E+01
28 18 33    3.87298335E+00
28 19 19    4.47213595E+00
28 19 34    1.50000000E+01
28 20 9    3.87298335E+00
28 20 20    1.78885438E+01
28 20 35    3.67423461E+01
28 21 3    2.44948974E+00
28 21 10    1.50000000E+01
28 21 21    4.47213595E+01
28 21 36    7.24568837E+01
28 25 25    4.47213595E+00
28 26 13    3.87298335E+00
28 26 26    1.78885438E+01
28 27 5    2.44948974E+00
28 27 14    1.50000000E+01
28 27 27    4.47213595E+01
28 28 1    1.00000000E+00
28 28 6    8.48528137E+00
28 28 15    3.67423461E+01
28 28 28    8.94427191E+01
28 32 32    4.47213595E+00
28 33 18    3.87298335E+00
28 33 33    1.78885438E+01
28 34 8    2.44948974E+00
28 34 19    1.50000000E+01
28 34 34    4.47213595E+01
28 35 2    1.00000000E+00
28 35 9    8.48528137E+00
28 35 20    3.67423461E+01
28 35 35    8.94427191E+01
28 36 3    2.64575131E+00
28 36 10    1.94422221E+01
28 36 21    7.24568837E+01
28 36 36    1.56524758E+02
29 1 29    1.00000000E+00
29 2 22    2.64575131E+00
29 4 16    4.58257569E+00
29 4 29    9.89949494E+00
29 5 30    2.64575131E+00
29 7 11    5.91607978E+00
29 7 22    1.94422221E+01
29 8 23    4.58257569E+00
29 11 7    5.91607978E+00
29 11 16    2.64575131E+01
29 11 29    5.14392846E+01
29 12 17    5.91607978E+00
29 12 30    1.94422221E+01
29 13 31    4.58257569E+00
29 16 4    4.58257569E+00
29 16 11    2.64575131E+01
29 16 22    7.24568837E+01
29 17 12    5.91607978E+00
29 17 23    2.64575131E+01
29 18 24    5.91607978E+00
29 22 2    2.64575131E+00
29 22 7    1.94422221E+01
29 22 16    7.24568837E+01
29 22 29    1.56524758E+02
29 23 8    4.58257569E+00
29 23 17    2.64575131E+01
29 23 30    7.24568837E+01
29 24 18    5.91607978E+00
29 24 31    2.64575131E+01
29 25 32    5.91607978E+00
29 29 1    1.00000000E+00
29 29 4    9.89949494E+00
29 29 11    5.14392846E+01
29 29 22    1.56524758E+02
29 30 5    2.64575131E+00
29 30 12    1.94422221E+01
29 30 23    7.24568837E+01
29 31 13    4.58257569E+00
29 31 24    2.64575131E+01
29 32 25    5.91607978E+00
30 1 30    1.00000000E+00
30 2 23    2.44948974E+00
30 3 22    1.00000000E+00
30 4 17    3.87298335E+00
30 4 30    8.48528137E+00
30 5 16    2.44948974E+00
30 5 29    2.64575131E+00
30 5 31    3.46410162E+00
30 6 30    1.41421356E+00
30 7 12    4.47213595E+00
30 7 23    1.50000000E+01
30 8 11    3.87298335E+00
30 8 22    8.48528137E+00
30 8 24    5.47722558E+00
30 9 23    3.46410162E+00
30 11 8    3.87298335E+00
30 11 17    1.78885438E+01
30 11 30    3.67423461E+01
30 12 7    4.47213595E+00
30 12 16    1.50000000E+01
30 12 18    6.32455532E+00
30 12 29    1.94422221E+01
30 12 31    2.12132034E+01
30 13 17    5.47722558E+00
30 13 30    1.20000000E+01
30 13 32    6.70820393E+00
30 14 31    4.24264069E+00
30 16 5    2.44948974E+00
30 16 12    1.50000000E+01
30 16 23    4.47213595E+01
30 17 4    3.87298335E+00
30 17 11    1.78885438E+01
30 17 13    5.47722558E+00
30 17 22    3.67423461E+01
30 17 24    2.52982213E+01
30 18 12    6.32455532E+00
30 18 23    2.12132034E+01
30 18 25    7.74596669E+00
30 19 24    6.70820393E+00
30 22 3    1.00000000E+00
30 22 8    8.48528137E+00
30 22 17    3.67423461E+01
30 22 30    8.94427191E+01
30 23 2    2.44948974E+00
30 23 7    1.50000000E+01
30 23 9    3.46410162E+00
30 23 16    4.47213595E+01
30 23 18    2.12132034E+01
30 23 29    7.24568837E+01
30 23 31    6.32455532E+01
30 24 8    5.47722558E+00
30 24 17    2.52982213E+01
30 24 19    6.70820393E+00
30 24 30    5.19615242E+01
30 24 32    3.09838668E+01
30 25 18    7.74596669E+00
30 25 31    2.59807621E+01
30 25 33    8.94427191E+00
30 26 32    7.74596669E+00
30 29 5    2.64575131E+00
30 29 12    1.94422221E+01
30 29 23    7.24568837E+01
30 30 1    1.00000000E+00
30 30 4    8.48528137E+00
30 30 6    1.41421356E+00
30 30 11    3.67423461E+01
30 30 13    1.20000000E+01
30 30 22    8.94427191E+01
30 30 24    5.19615242E+01
30 31 5    3.46410162E+00
30 31 12    2.12132034E+01
30 31 14    4.24264069E+00
30 31 23    6.32455532E+01
30 31 25    2.59807621E+01
30 32 13    6.70820393E+00
30 32 24    3.09838668E+01
30 32 26    7.74596669E+00
30 33 25    8.94427191E+00
31 1 31    1.00000000E+00
31 2 24    2.23606798E+00
31 3 23    1.41421356E+00
31 4 18    3.16227766E+00
31 4 31    7.07106781E+00
31 5 17    3.16227766E+00
31 5 30    3.46410162E+00
31 5 32    3.87298335E+00
31 6 16    1.00000000E+00
31 6 31    2.82842712E+00
31 7 13    3.16227766E+00
31 7 24    1.09544512E+01
31 8 12    4.47213595E+00
31 8 23    1.00000000E+01
31 8 25    5.47722558E+00
31 9 11    2.23606798E+00
31 9 22    2.44948974E+00
31 9 24    6.32455532E+00
31 10 23    1.73205081E+00
31 11 9    2.23606798E+00
31 11 18    1.09544512E+01
31 11 31    2.44948974E+01
31 12 8    4.47213595E+00
31 12 17    1.54919334E+01
31 12 19    5.47722558E+00
31 12 30    2.12132034E+01
31 12 32    1.89736660E+01
31 13 7    3.16227766E+00
31 13 16    7.07106781E+00
31 13 18    8.94427191E+00
31 13 29    4.58257569E+00
31 13 31    2.00000000E+01
31 13 33    7.74596669E+00
31 14 17    3.87298335E+00
31 14 30    4.24264069E+00
31 14 32    9.48683298E+00
31 15 31    2.44948974E+00
31 16 6    1.00000000E+00
31 16 13    7.07106781E+00
31 16 24    2.44948974E+01
31 17 5    3.16227766E+00
31 17 12    1.54919334E+01
31 17 14    3.87298335E+00
31 17 23    3.46410162E+01
31 17 25    1.89736660E+01
31 18 4    3.16227766E+00
31 18 11    1.09544512E+01
31 18 13    8.94427191E+00
31 18 22    1.50000000E+01
31 18 24    3.09838668E+01
31 18 26    7.74596669E+00
31 19 12    5.47722558E+00
31 19 23    1.22474487E+01
31 19 25    1.34164079E+01
31 20 24    5.47722558E+00
31 22 9    2.44948974E+00
31 22 18    1.50000000E+01
31 22 31    4.47213595E+01
31 23 3    1.41421356E+00
31 23 8    1.00000000E+01
31 23 10    1.73205081E+00
31 23 17    3.46410162E+01
31 23 19    1.22474487E+01
31 23 30    6.32455532E+01
31 23 32    4.24264069E+01
31 24 2    2.23606798E+00
31 24 7    1.09544512E+01
31 24 9    6.32455532E+00
31 24 16    2.44948974E+01
31 24 18    3.09838668E+01
31 24 20    5.47722558E+00
31 24 29    2.64575131E+01
31 24 31    6.92820323E+01
31 24 33    2.68328157E+01
31 25 8    5.47722558E+00
31 25 17    1.89736660E+01
31 25 19    1.34164079E+01
31 25 30    2.59807621E+01
31 25 32    4.64758002E+01
31 25 34    1.00000000E+01
31 26 18    7.74596669E+00
31 26 31    1.73205081E+01
31 26 33    1.78885438E+01
31 27 32    7.07106781E+00
31 29 13    4.58257569E+00
31 29 24    2.64575131E+01
31 30 5    3.46410162E+00
31 30 12    2.12132034E+01
31 30 14    4.24264069E+00
31 30 23    6.32455532E+01
31 30 25    2.59807621E+01
31 31 1    1.00000000E+00
31 31 4    7.07106781E+00
31 31 6    2.82842712E+00
31 31 11    2.44948974E+01
31 31 13    2.00000000E+01
31 31 15    2.44948974E+00
31 31 22    4.47213595E+01
31 31 24    6.92820323E+01
31 31 26    1.73205081E+01
31 32 5    3.87298335E+00
31 32 12    1.89736660E+01
31 32 14    9.48683298E+00
31 32 23    4.24264069E+01
31 32 25    4.64758002E+01
31 32 27    7.07106781E+00
31 33 13    7.74596669E+00
31 33 24    2.68328157E+01
31 33 26    1.78885438E+01
31 34 25    1.00000000E+01
32 1 32    1.00000000E+00
32 2 25    2.00000000E+00
32 3 24    1.73205081E+00
32 4 19    2.44948974E+00
32 4 32    5.65685425E+00
32 5 18    3.46410162E+00
32 5 31    3.87298335E+00
32 5 33    4.00000000E+00
32 6 17    1.73205081E+00
32 6 32    4.24264069E+00
32 7 14    2.00000000E+00
32 7 25    7.34846923E+00
32 8 13    4.24264069E+00
32 8 24    9.79795897E+00
32 8 26    4.89897949E+00
32 9 12    3.46410162E+00
32 9 23    3.87298335E+00
32 9 25    8.48528137E+00
32 10 11    1.00000000E+00
32 10 24    4.24264069E+00
32 11 10    1.00000000E+00
32 11 19    5.65685425E+00
32 11 32    1.46969385E+01
32 12 9    3.46410162E+00
32 12 18    1.27279221E+01
32 12 20    4.00000000E+00
32 12 31    1.89736660E+01
32 12 33    1.46969385E+01
32 13 8    4.24264069E+00
32 13 17    9.79795897E+00
32 13 19    1.03923048E+01
32 13 30    6.70820393E+00
32 13 32    2.40000000E+01
32 13 34    7.74596669E+00
32 14 7    2.00000000E+00
32 14 16    2.23606798E+00
32 14 18    8.48528137E+00
32 14 31    9.48683298E+00
32 14 33    1.46969385E+01
32 15 17    2.00000000E+00
32 15 32    7.34846923E+00
32 16 14    2.23606798E+00
32 16 25    1.09544512E+01
32 17 6    1.73205081E+00
32 17 13    9.79795897E+00
32 17 15    2.00000000E+00
32 17 24    2.54558441E+01
32 17 26    1.13137085E+01
32 18 5    3.46410162E+00
32 18 12    1.27279221E+01
32 18 14    8.48528137E+00
32 18 23    1.89736660E+01
32 18 25    3.11769145E+01
32 18 27    6.32455532E+00
32 19 4    2.44948974E+00
32 19 11    5.65685425E+00
32 19 13    1.03923048E+01
32 19 22    3.87298335E+00
32 19 24    2.40000000E+01
32 19 26    1.80000000E+01
32 20 12    4.00000000E+00
32 20 23    4.47213595E+00
32 20 25    1.46969385E+01
32 21 24    3.16227766E+00
32 22 19    3.87298335E+00
32 22 32    1.78885438E+01
32 23 9    3.87298335E+00
32 23 18    1.89736660E+01
32 23 20    4.47213595E+00
32 23 31    4.24264069E+01
32 23 33    2.19089023E+01
32 24 3    1.73205081E+00
32 24 8    9.79795897E+00
32 24 10    4.24264069E+00
32 24 17    2.54558441E+01
32 24 19    2.40000000E+01
32 24 21    3.16227766E+00
32 24 30    3.09838668E+01
32 24 32    6.23538291E+01
32 24 34    1.78885438E+01
32 25 2    2.00000000E+00
32 25 7    7.34846923E+00
32 25 9    8.48528137E+00
32 25 16    1.09544512E+01
32 25 18    3.11769145E+01
32 25 20    1.46969385E+01
32 25 29    5.91607978E+00
32 25 31    4.64758002E+01
32 25 33    5.40000000E+01
32 25 35    8.94427191E+00
32 26 8    4.89897949E+00
32 26 17    1.13137085E+01
32 26 19    1.80000000E+01
32 26 30    7.74596669E+00
32 26 32    4.15692194E+01
32 26 34    2.68328157E+01
32 27 18    6.32455532E+00
32 27 31    7.07106781E+00
32 27 33    2.19089023E+01
32 28 32    4.47213595E+00
32 29 25    5.91607978E+00
32 30 13    6.70820393E+00
32 30 24    3.09838668E+01
32 30 26    7.74596669E+00
32 31 5    3.87298335E+00
32 31 12    1.89736660E+01
32 31 14    9.48683298E+00
32 31 23    4.24264069E+01
32 31 25    4.64758002E+01
32 31 27    7.07106781E+00
32 32 1    1.00000000E+00
32 32 4    5.65685425E+00
32 32 6    4.24264069E+00
32 32 11    1.46969385E+01
32 32 13    2.40000000E+01
32 32 15    7.34846923E+00
32 32 22    1.78885438E+01
32 32 24    6.23538291E+01
32 32 26    4.15692194E+01
32 32 28    4.47213595E+00
32 33 5    4.00000000E+00
32 33 12    1.46969385E+01
32 33 14    1.46969385E+01
32 33 23    2.19089023E+01
32 33 25    5.40000000E+01
32 33 27    2.19089023E+01
32 34 13    7.74596669E+00
32 34 24    1.78885438E+01
32 34 26    2.68328157E+01
32 35 25    8.94427191E+00
33 1 33    1.00000000E+00
33 2 26    1.73205081E+00
33 3 25    2.00000000E+00
33 4 20    1.73205081E+00
33 4 33    4.24264069E+00
33 5 19    3.46410162E+00
33 5 32    4.00000000E+00
33 5 34    3.87298335E+00
33 6 18    2.44948974E+00
33 6 33    5.65685425E+00
33 7 15    1.00000000E+00
33 7 26    4.24264069E+00
33 8 14    3.46410162E+00
33 8 25    8.48528137E+00
33 8 27    3.87298335E+00
33 9 13    4.24264069E+00
33 9 24    4.89897949E+00
33 9 26    9.79795897E+00
33 10 12    2.00000000E+00
33 10 25    7.34846923E+00
33 11 20    2.00000000E+00
33 11 33    7.34846923E+00
33 12 10    2.00000000E+00
33 12 19    8.48528137E+00
33 12 21    2.23606798E+00
33 12 32    1.46969385E+01
33 12 34    9.48683298E+00
33 13 9    4.24264069E+00
33 13 18    1.03923048E+01
33 13 20    9.79795897E+00
33 13 31    7.74596669E+00
33 13 33    2.40000000E+01
33 13 35    6.70820393E+00
33 14 8    3.46410162E+00
33 14 17    4.00000000E+00
33 14 19    1.27279221E+01
33 14 32    1.46969385E+01
33 14 34    1.89736660E+01
33 15 7    1.00000000E+00
33 15 18    5.65685425E+00
33 15 33    1.46969385E+01
33 16 26    3.16227766E+00
33 17 14    4.00000000E+00
33 17 25    1.46969385E+01
33 17 27    4.47213595E+00
33 18 6    2.44948974E+00
33 18 13    1.03923048E+01
33 18 15    5.65685425E+00
33 18 24    1.80000000E+01
33 18 26    2.40000000E+01
33 18 28    3.87298335E+00
33 19 5    3.46410162E+00
33 19 12    8.48528137E+00
33 19 14    1.27279221E+01
33 19 23    6.32455532E+00
33 19 25    3.11769145E+01
33 19 27    1.89736660E+01
33 20 4    1.73205081E+00
33 20 11    2.00000000E+00
33 20 13    9.79795897E+00
33 20 24    1.13137085E+01
33 20 26    2.54558441E+01
33 21 12    2.23606798E+00
33 21 25    1.09544512E+01
33 22 33    4.47213595E+00
33 23 19    6.32455532E+00
33 23 32    2.19089023E+01
33 23 34    7.07106781E+00
33 24 9    4.89897949E+00
33 24 18    1.80000000E+01
33 24 20    1.13137085E+01
33 24 31    2.68328157E+01
33 24 33    4.15692194E+01
33 24 35    7.74596669E+00
33 25 3    2.00000000E+00
33 25 8    8.48528137E+00
33 25 10    7.34846923E+00
33 25 17    1.46969385E+01
33 25 19    3.11769145E+01
33 25 21    1.09544512E+01
33 25 30    8.94427191E+00
33 25 32    5.40000000E+01
33 25 34    4.64758002E+01
33 25 36    5.91607978E+00
33 26 2    1.73205081E+00
33 26 7    4.24264069E+00
33 26 9    9.79795897E+00
33 26 16    3.16227766E+00
33 26 18    2.40000000E+01
33 26 20    2.54558441E+01
33 26 31    1.78885438E+01
33 26 33    6.23538291E+01
33 26 35    3.09838668E+01
33 27 8    3.87298335E+00
33 27 17    4.47213595E+00
33 27 19    1.89736660E+01
33 27 32    2.19089023E+01
33 27 34    4.24264069E+01
33 28 18    3.87298335E+00
33 28 33    1.78885438E+01
33 30 25    8.94427191E+00
33 31 13    7.74596669E+00
33 31 24    2.68328157E+01
33 31 26    1.78885438E+01
33 32 5    4.00000000E+00
33 32 12    1.46969385E+01
33 32 14    1.46969385E+01
33 32 23    2.19089023E+01
33 32 25    5.40000000E+01
33 32 27    2.19089023E+01
33 33 1    1.00000000E+00
33 33 4    4.24264069E+00
33 33 6    5.65685425E+00
33 33 11    7.34846923E+00
33 33 13    2.40000000E+01
33 33 15    1.46969385E+01
33 33 22    4.47213595E+00
33 33 24    4.15692194E+01
33 33 26    6.23538291E+01
33 33 28    1.78885438E+01
33 34 5    3.87298335E+00
33 34 12    9.48683298E+00
33 34 14    1.89736660E+01
33 34 23    7.07106781E+00
33 34 25    4.64758002E+01
33 34 27    4.24264069E+01
33 35 13    6.70820393E+00
33 35 24    7.74596669E+00
33 35 26    3.09838668E+01
33 36 25    5.91607978E+00
34 1 34    1.00000000E+00
34 2 27    1.41421356E+00
34 3 26    2.23606798E+00
34 4 21    1.00000000E+00
34 4 34    2.82842712E+00
34 5 20    3.16227766E+00
34 5 33    3.87298335E+00
34 5 35    3.46410162E+00
34 6 19    3.16227766E+00
34 6 34    7.07106781E+00
34 7 27    1.73205081E+00
34 8 15    2.23606798E+00
34 8 26    6.32455532E+00
34 8 28    2.44948974E+00
34 9 14    4.47213595E+00
34 9 25    5.47722558E+00
34 9 27    1.00000000E+01
34 10 13    3.16227766E+00
34 10 26    1.09544512E+01
34 11 34    2.44948974E+00
34 12 20    3.87298335E+00
34 12 33    9.48683298E+00
34 12 35    4.24264069E+00
34 13 10    3.16227766E+00
34 13 19    8.94427191E+00
34 13 21    7.07106781E+00
34 13 32    7.74596669E+00
34 13 34    2.00000000E+01
34 13 36    4.58257569E+00
34 14 9    4.47213595E+00
34 14 18    5.47722558E+00
34 14 20    1.54919334E+01
34 14 33    1.89736660E+01
34 14 35    2.12132034E+01
34 15 8    2.23606798E+00
34 15 19    1.09544512E+01
34 15 34    2.44948974E+01
34 17 26    5.47722558E+00
34 18 14    5.47722558E+00
34 18 25    1.34164079E+01
34 18 27    1.22474487E+01
34 19 6    3.16227766E+00
34 19 13    8.94427191E+00
34 19 15    1.09544512E+01
34 19 24    7.74596669E+00
34 19 26    3.09838668E+01
34 19 28    1.50000000E+01
34 20 5    3.16227766E+00
34 20 12    3.87298335E+00
34 20 14    1.54919334E+01
34 20 25    1.89736660E+01
34 20 27    3.46410162E+01
34 21 4    1.00000000E+00
34 21 13    7.07106781E+00
34 21 26    2.44948974E+01
34 23 33    7.07106781E+00
34 24 19    7.74596669E+00
34 24 32    1.78885438E+01
34 24 34    1.73205081E+01
34 25 9    5.47722558E+00
34 25 18    1.34164079E+01
34 25 20    1.89736660E+01
34 25 31    1.00000000E+01
34 25 33    4.64758002E+01
34 25 35    2.59807621E+01
34 26 3    2.23606798E+00
34 26 8    6.32455532E+00
34 26 10    1.09544512E+01
34 26 17    5.47722558E+00
34 26 19    3.09838668E+01
34 26 21    2.44948974E+01
34 26 32    2.68328157E+01
34 26 34    6.92820323E+01
34 26 36    2.64575131E+01
34 27 2    1.41421356E+00
34 27 7    1.73205081E+00
34 27 9    1.00000000E+01
34 27 18    1.22474487E+01
34 27 20    3.46410162E+01
34 27 33    4.24264069E+01
34 27 35    6.32455532E+01
34 28 8    2.44948974E+00
34 28 19    1.50000000E+01
34 28 34    4.47213595E+01
34 31 25    1.00000000E+01
34 32 13    7.74596669E+00
34 32 24    1.78885438E+01
34 32 26    2.68328157E+01
34 33 5    3.87298335E+00
34 33 12    9.48683298E+00
34 33 14    1.89736660E+01
34 33 23    7.07106781E+00
34 33 25    4.64758002E+01
34 33 27    4.24264069E+01
34 34 1    1.00000000E+00
34 34 4    2.82842712E+00
34 34 6    7.07106781E+00
34 34 11    2.44948974E+00
34 34 13    2.00000000E+01
34 34 15    2.44948974E+01
34 34 24    1.73205081E+01
34 34 26    6.92820323E+01
34 34 28    4.47213595E+01
34 35 5    3.46410162E+00
34 35 12    4.24264069E+00
34 35 14    2.12132034E+01
34 35 25    2.59807621E+01
34 35 27    6.32455532E+01
34 36 13    4.58257569E+00
34 36 26    2.64575131E+01
35 1 35    1.00000000E+00
35 2 28    1.00000000E+00
35 3 27    2.44948974E+00
35 4 35    1.41421356E+00
35 5 21    2.44948974E+00
35 5 34    3.46410162E+00
35 5 36    2.64575131E+00
35 6 20    3.87298335E+00
35 6 35    8.48528137E+00
35 8 27    3.46410162E+00
35 9 15    3.87298335E+00
35 9 26    5.47722558E+00
35 9 28    8.48528137E+00
35 10 14    4.47213595E+00
35 10 27    1.50000000E+01
35 12 34    4.24264069E+00
35 13 20    5.47722558E+00
35 13 33    6.70820393E+00
35 13 35    1.20000000E+01
35 14 10    4.47213595E+00
35 14 19    6.32455532E+00
35 14 21    1.50000000E+01
35 14 34    2.12132034E+01
35 14 36    1.94422221E+01
35 15 9    3.87298335E+00
35 15 20    1.78885438E+01
35 15 35    3.67423461E+01
35 18 26    6.70820393E+00
35 19 14    6.32455532E+00
35 19 25    7.74596669E+00
35 19 27    2.12132034E+01
35 20 6    3.87298335E+00
35 20 13    5.47722558E+00
35 20 15    1.78885438E+01
35 20 26    2.52982213E+01
35 20 28    3.67423461E+01
35 21 5    2.44948974E+00
35 21 14    1.50000000E+01
35 21 27    4.47213595E+01
35 24 33    7.74596669E+00
35 25 19    7.74596669E+00
35 25 32    8.94427191E+00
35 25 34    2.59807621E+01
35 26 9    5.47722558E+00
35 26 18    6.70820393E+00
35 26 20    2.52982213E+01
35 26 33    3.09838668E+01
35 26 35    5.19615242E+01
35 27 3    2.44948974E+00
35 27 8    3.46410162E+00
35 27 10    1.50000000E+01
35 27 19    2.12132034E+01
35 27 21    4.47213595E+01
35 27 34    6.32455532E+01
35 27 36    7.24568837E+01
35 28 2    1.00000000E+00
35 28 9    8.48528137E+00
35 28 20    3.67423461E+01
35 28 35    8.94427191E+01
35 32 25    8.94427191E+00
35 33 13    6.70820393E+00
35 33 24    7.74596669E+00
35 33 26    3.09838668E+01
35 34 5    3.46410162E+00
35 34 12    4.24264069E+00
35 34 14    2.12132034E+01
35 34 25    2.59807621E+01
35 34 27    6.32455532E+01
35 35 1    1.00000000E+00
35 35 4    1.41421356E+00
35 35 6    8.48528137E+00
35 35 13    1.20000000E+01
35 35 15    3.67423461E+01
35 35 26    5.19615242E+01
35 35 28    8.94427191E+01
35 36 5    2.64575131E+00
35 36 14    1.94422221E+01
35 36 27    7.24568837E+01
36 1 36    1.00000000E+00
36 3 28    2.64575131E+00
36 5 35    2.64575131E+00
36 6 21    4.58257569E+00
36 6 36    9.89949494E+00
36 9 27    4.58257569E+00
36 10 15    5.91607978E+00
36 10 28    1.94422221E+01
36 13 34    4.58257569E+00
36 14 20    5.91607978E+00
36 14 35    1.94422221E+01
36 15 10    5.91607978E+00
36 15 21    2.64575131E+01
36 15 36    5.14392846E+01
36 19 26    5.91607978E+00
36 20 14    5.91607978E+00
36 20 27    2.64575131E+01
36 21 6    4.58257569E+00
36 21 15    2.64575131E+01
36 21 28    7.24568837E+01
36 25 33    5.91607978E+00
36 26 19    5.91607978E+00
36 26 34    2.64575131E+01
36 27 9    4.58257569E+00
36 27 20    2.64575131E+01
36 27 35    7.24568837E+01
36 28 3    2.64575131E+00
36 28 10    1.94422221E+01
36 28 21    7.24568837E+01
36 28 36    1.56524758E+02
36 33 25    5.91607978E+00
36 34 13    4.58257569E+00
36 34 26    2.64575131E+01
36 35 5    2.64575131E+00
36 35 14    1.94422221E+01
36 35 27    7.24568837E+01
36 36 1    1.00000000E+00
36 36 6    9.89949494E+00
36 36 15    5.14392846E+01
36 36 28    1.56524758E+02
