552
1 1 1 1    1.00000000E+00
1 1 2 2    1.00000000E+00
1 1 3 3    1.00000000E+00
1 1 4 4    1.00000000E+00
1 1 5 5    1.00000000E+00
1 1 6 6    1.00000000E+00
1 2 1 2    1.00000000E+00
1 2 2 1    1.00000000E+00
1 2 2 3    1.41421356E+00
1 2 3 2    1.41421356E+00
1 2 3 4    1.73205081E+00
1 2 4 3    1.73205081E+00
1 2 4 5    2.00000000E+00
1 2 5 4    2.00000000E+00
1 2 5 6    2.23606798E+00
1 2 6 5    2.23606798E+00
1 3 1 3    1.00000000E+00
1 3 2 2    1.41421356E+00
1 3 2 4    1.73205081E+00
1 3 3 1    1.00000000E+00
1 3 3 3    2.82842712E+00
1 3 3 5    2.44948974E+00
1 3 4 2    1.73205081E+00
1 3 4 4    4.24264069E+00
1 3 4 6    3.16227766E+00
1 3 5 3    2.44948974E+00
1 3 5 5    5.65685425E+00
1 3 6 4    3.16227766E+00
1 3 6 6    7.07106781E+00
1 4 1 4    1.00000000E+00
1 4 2 3    1.73205081E+00
1 4 2 5    2.00000000E+00
1 4 3 2    1.73205081E+00
1 4 3 4    4.24264069E+00
1 4 3 6    3.16227766E+00
1 4 4 1    1.00000000E+00
1 4 4 3    4.24264069E+00
1 4 4 5    7.34846923E+00
1 4 5 2    2.00000000E+00
1 4 5 4    7.34846923E+00
1 4 5 6    1.09544512E+01
1 4 6 3    3.16227766E+00
1 4 6 5    1.09544512E+01
1 5 1 5    1.00000000E+00
1 5 2 4    2.00000000E+00
1 5 2 6    2.23606798E+00
1 5 3 3    2.44948974E+00
1 5 3 5    5.65685425E+00
1 5 4 2    2.00000000E+00
1 5 4 4    7.34846923E+00
1 5 4 6    1.09544512E+01
1 5 5 1    1.00000000E+00
1 5 5 3    5.65685425E+00
1 5 5 5    1.46969385E+01
1 5 6 2    2.23606798E+00
1 5 6 4    1.09544512E+01
1 5 6 6    2.44948974E+01
1 6 1 6    1.00000000E+00
1 6 2 5    2.23606798E+00
1 6 3 4    3.16227766E+00
1 6 3 6    7.07106781E+00
1 6 4 3    3.16227766E+00
1 6 4 5    1.09544512E+01
1 6 5 2    2.23606798E+00
1 6 5 4    1.09544512E+01
1 6 5 6    2.44948974E+01
1 6 6 1    1.00000000E+00
1 6 6 3    7.07106781E+00
1 6 6 5    2.44948974E+01
2 1 1 2    1.00000000E+00
2 1 2 1    1.00000000E+00
2 1 2 3    1.41421356E+00
2 1 3 2    1.41421356E+00
2 1 3 4    1.73205081E+00
2 1 4 3    1.73205081E+00
2 1 4 5    2.00000000E+00
2 1 5 4    2.00000000E+00
2 1 5 6    2.23606798E+00
2 1 6 5    2.23606798E+00
2 2 1 1    1.00000000E+00
2 2 1 3    1.41421356E+00
2 2 2 2    3.00000000E+00
2 2 2 4    2.44948974E+00
2 2 3 1    1.41421356E+00
2 2 3 3    5.00000000E+00
2 2 3 5    3.46410162E+00
2 2 4 2    2.44948974E+00
2 2 4 4    7.00000000E+00
2 2 4 6    4.47213595E+00
2 2 5 3    3.46410162E+00
2 2 5 5    9.00000000E+00
2 2 6 4    4.47213595E+00
2 2 6 6    1.10000000E+01
2 3 1 2    1.41421356E+00
2 3 1 4    1.73205081E+00
2 3 2 1    1.41421356E+00
2 3 2 3    5.00000000E+00
2 3 2 5    3.46410162E+00
2 3 3 2    5.00000000E+00
2 3 3 4    9.79795897E+00
2 3 3 6    5.47722558E+00
2 3 4 1    1.73205081E+00
2 3 4 3    9.79795897E+00
2 3 4 5    1.55563492E+01
2 3 5 2    3.46410162E+00
2 3 5 4    1.55563492E+01
2 3 5 6    2.21359436E+01
2 3 6 3    5.47722558E+00
2 3 6 5    2.21359436E+01
2 4 1 3    1.73205081E+00
2 4 1 5    2.00000000E+00
2 4 2 2    2.44948974E+00
2 4 2 4    7.00000000E+00
2 4 2 6    4.47213595E+00
2 4 3 1    1.73205081E+00
2 4 3 3    9.79795897E+00
2 4 3 5    1.55563492E+01
2 4 4 2    7.00000000E+00
2 4 4 4    2.20454077E+01
2 4 4 6    2.73861279E+01
2 4 5 1    2.00000000E+00
2 4 5 3    1.55563492E+01
2 4 5 5    3.91918359E+01
2 4 6 2    4.47213595E+00
2 4 6 4    2.73861279E+01
2 4 6 6    6.12372436E+01
2 5 1 4    2.00000000E+00
2 5 1 6    2.23606798E+00
2 5 2 3    3.46410162E+00
2 5 2 5    9.00000000E+00
2 5 3 2    3.46410162E+00
2 5 3 4    1.55563492E+01
2 5 3 6    2.21359436E+01
2 5 4 1    2.00000000E+00
2 5 4 3    1.55563492E+01
2 5 4 5    3.91918359E+01
2 5 5 2    9.00000000E+00
2 5 5 4    3.91918359E+01
2 5 5 6    7.66811581E+01
2 5 6 1    2.23606798E+00
2 5 6 3    2.21359436E+01
2 5 6 5    7.66811581E+01
2 6 1 5    2.23606798E+00
2 6 2 4    4.47213595E+00
2 6 2 6    1.10000000E+01
2 6 3 3    5.47722558E+00
2 6 3 5    2.21359436E+01
2 6 4 2    4.47213595E+00
2 6 4 4    2.73861279E+01
2 6 4 6    6.12372436E+01
2 6 5 1    2.23606798E+00
2 6 5 3    2.21359436E+01
2 6 5 5    7.66811581E+01
2 6 6 2    1.10000000E+01
2 6 6 4    6.12372436E+01
2 6 6 6    1.64316767E+02
3 1 1 3    1.00000000E+00
3 1 2 2    1.41421356E+00
3 1 2 4    1.73205081E+00
3 1 3 1    1.00000000E+00
3 1 3 3    2.82842712E+00
3 1 3 5    2.44948974E+00
3 1 4 2    1.73205081E+00
3 1 4 4    4.24264069E+00
3 1 4 6    3.16227766E+00
3 1 5 3    2.44948974E+00
3 1 5 5    5.65685425E+00
3 1 6 4    3.16227766E+00
3 1 6 6    7.07106781E+00
3 2 1 2    1.41421356E+00
3 2 1 4    1.73205081E+00
3 2 2 1    1.41421356E+00
3 2 2 3    5.00000000E+00
3 2 2 5    3.46410162E+00
3 2 3 2    5.00000000E+00
3 2 3 4    9.79795897E+00
3 2 3 6    5.47722558E+00
3 2 4 1    1.73205081E+00
3 2 4 3    9.79795897E+00
3 2 4 5    1.55563492E+01
3 2 5 2    3.46410162E+00
3 2 5 4    1.55563492E+01
3 2 5 6    2.21359436E+01
3 2 6 3    5.47722558E+00
3 2 6 5    2.21359436E+01
3 3 1 1    1.00000000E+00
3 3 1 3    2.82842712E+00
3 3 1 5    2.44948974E+00
3 3 2 2    5.00000000E+00
3 3 2 4    9.79795897E+00
3 3 2 6    5.47722558E+00
3 3 3 1    2.82842712E+00
3 3 3 3    1.50000000E+01
3 3 3 5    2.07846097E+01
3 3 4 2    9.79795897E+00
3 3 4 4    3.10000000E+01
3 3 4 6    3.57770876E+01
3 3 5 1    2.44948974E+00
3 3 5 3    2.07846097E+01
3 3 5 5    5.30000000E+01
3 3 6 2    5.47722558E+00
3 3 6 4    3.57770876E+01
3 3 6 6    8.10000000E+01
3 4 1 2    1.73205081E+00
3 4 1 4    4.24264069E+00
3 4 1 6    3.16227766E+00
3 4 2 1    1.73205081E+00
3 4 2 3    9.79795897E+00
3 4 2 5    1.55563492E+01
3 4 3 2    9.79795897E+00
3 4 3 4    3.10000000E+01
3 4 3 6    3.57770876E+01
3 4 4 1    4.24264069E+00
3 4 4 3    3.10000000E+01
3 4 4 5    6.92820323E+01
3 4 5 2    1.55563492E+01
3 4 5 4    6.92820323E+01
3 4 5 6    1.27808450E+02
3 4 6 1    3.16227766E+00
3 4 6 3    3.57770876E+01
3 4 6 5    1.27808450E+02
3 5 1 3    2.44948974E+00
3 5 1 5    5.65685425E+00
3 5 2 2    3.46410162E+00
3 5 2 4    1.55563492E+01
3 5 2 6    2.21359436E+01
3 5 3 1    2.44948974E+00
3 5 3 3    2.07846097E+01
3 5 3 5    5.30000000E+01
3 5 4 2    1.55563492E+01
3 5 4 4    6.92820323E+01
3 5 4 6    1.27808450E+02
3 5 5 1    5.65685425E+00
3 5 5 3    5.30000000E+01
3 5 5 5    1.66276878E+02
3 5 6 2    2.21359436E+01
3 5 6 4    1.27808450E+02
3 5 6 6    3.29089653E+02
3 6 1 4    3.16227766E+00
3 6 1 6    7.07106781E+00
3 6 2 3    5.47722558E+00
3 6 2 5    2.21359436E+01
3 6 3 2    5.47722558E+00
3 6 3 4    3.57770876E+01
3 6 3 6    8.10000000E+01
3 6 4 1    3.16227766E+00
3 6 4 3    3.57770876E+01
3 6 4 5    1.27808450E+02
3 6 5 2    2.21359436E+01
3 6 5 4    1.27808450E+02
3 6 5 6    3.29089653E+02
3 6 6 1    7.07106781E+00
3 6 6 3    8.10000000E+01
3 6 6 5    3.29089653E+02
4 1 1 4    1.00000000E+00
4 1 2 3    1.73205081E+00
4 1 2 5    2.00000000E+00
4 1 3 2    1.73205081E+00
4 1 3 4    4.24264069E+00
4 1 3 6    3.16227766E+00
4 1 4 1    1.00000000E+00
4 1 4 3    4.24264069E+00
4 1 4 5    7.34846923E+00
4 1 5 2    2.00000000E+00
4 1 5 4    7.34846923E+00
4 1 5 6    1.09544512E+01
4 1 6 3    3.16227766E+00
4 1 6 5    1.09544512E+01
4 2 1 3    1.73205081E+00
4 2 1 5    2.00000000E+00
4 2 2 2    2.44948974E+00
4 2 2 4    7.00000000E+00
4 2 2 6    4.47213595E+00
4 2 3 1    1.73205081E+00
4 2 3 3    9.79795897E+00
4 2 3 5    1.55563492E+01
4 2 4 2    7.00000000E+00
4 2 4 4    2.20454077E+01
4 2 4 6    2.73861279E+01
4 2 5 1    2.00000000E+00
4 2 5 3    1.55563492E+01
4 2 5 5    3.91918359E+01
4 2 6 2    4.47213595E+00
4 2 6 4    2.73861279E+01
4 2 6 6    6.12372436E+01
4 3 1 2    1.73205081E+00
4 3 1 4    4.24264069E+00
4 3 1 6    3.16227766E+00
4 3 2 1    1.73205081E+00
4 3 2 3    9.79795897E+00
4 3 2 5    1.55563492E+01
4 3 3 2    9.79795897E+00
4 3 3 4    3.10000000E+01
4 3 3 6    3.57770876E+01
4 3 4 1    4.24264069E+00
4 3 4 3    3.10000000E+01
4 3 4 5    6.92820323E+01
4 3 5 2    1.55563492E+01
4 3 5 4    6.92820323E+01
4 3 5 6    1.27808450E+02
4 3 6 1    3.16227766E+00
4 3 6 3    3.57770876E+01
4 3 6 5    1.27808450E+02
4 4 1 1    1.00000000E+00
4 4 1 3    4.24264069E+00
4 4 1 5    7.34846923E+00
4 4 2 2    7.00000000E+00
4 4 2 4    2.20454077E+01
4 4 2 6    2.73861279E+01
4 4 3 1    4.24264069E+00
4 4 3 3    3.10000000E+01
4 4 3 5    6.92820323E+01
4 4 4 2    2.20454077E+01
4 4 4 4    9.30000000E+01
4 4 4 6    1.60996894E+02
4 4 5 1    7.34846923E+00
4 4 5 3    6.92820323E+01
4 4 5 5    2.13000000E+02
4 4 6 2    2.73861279E+01
4 4 6 4    1.60996894E+02
4 4 6 6    4.11000000E+02
4 5 1 2    2.00000000E+00
4 5 1 4    7.34846923E+00
4 5 1 6    1.09544512E+01
4 5 2 1    2.00000000E+00
4 5 2 3    1.55563492E+01
4 5 2 5    3.91918359E+01
4 5 3 2    1.55563492E+01
4 5 3 4    6.92820323E+01
4 5 3 6    1.27808450E+02
4 5 4 1    7.34846923E+00
4 5 4 3    6.92820323E+01
4 5 4 5    2.13000000E+02
4 5 5 2    3.91918359E+01
4 5 5 4    2.13000000E+02
4 5 5 6    5.09823499E+02
4 5 6 1    1.09544512E+01
4 5 6 3    1.27808450E+02
4 5 6 5    5.09823499E+02
4 6 1 3    3.16227766E+00
4 6 1 5    1.09544512E+01
4 6 2 2    4.47213595E+00
4 6 2 4    2.73861279E+01
4 6 2 6    6.12372436E+01
4 6 3 1    3.16227766E+00
4 6 3 3    3.57770876E+01
4 6 3 5    1.27808450E+02
4 6 4 2    2.73861279E+01
4 6 4 4    1.60996894E+02
4 6 4 6    4.11000000E+02
4 6 5 1    1.09544512E+01
4 6 5 3    1.27808450E+02
4 6 5 5    5.09823499E+02
4 6 6 2    6.12372436E+01
4 6 6 4    4.11000000E+02
4 6 6 6    1.27455875E+03
5 1 1 5    1.00000000E+00
5 1 2 4    2.00000000E+00
5 1 2 6    2.23606798E+00
5 1 3 3    2.44948974E+00
5 1 3 5    5.65685425E+00
5 1 4 2    2.00000000E+00
5 1 4 4    7.34846923E+00
5 1 4 6    1.09544512E+01
5 1 5 1    1.00000000E+00
5 1 5 3    5.65685425E+00
5 1 5 5    1.46969385E+01
5 1 6 2    2.23606798E+00
5 1 6 4    1.09544512E+01
5 1 6 6    2.44948974E+01
5 2 1 4    2.00000000E+00
5 2 1 6    2.23606798E+00
5 2 2 3    3.46410162E+00
5 2 2 5    9.00000000E+00
5 2 3 2    3.46410162E+00
5 2 3 4    1.55563492E+01
5 2 3 6    2.21359436E+01
5 2 4 1    2.00000000E+00
5 2 4 3    1.55563492E+01
5 2 4 5    3.91918359E+01
5 2 5 2    9.00000000E+00
5 2 5 4    3.91918359E+01
5 2 5 6    7.66811581E+01
5 2 6 1    2.23606798E+00
5 2 6 3    2.21359436E+01
5 2 6 5    7.66811581E+01
5 3 1 3    2.44948974E+00
5 3 1 5    5.65685425E+00
5 3 2 2    3.46410162E+00
5 3 2 4    1.55563492E+01
5 3 2 6    2.21359436E+01
5 3 3 1    2.44948974E+00
5 3 3 3    2.07846097E+01
5 3 3 5    5.30000000E+01
5 3 4 2    1.55563492E+01
5 3 4 4    6.92820323E+01
5 3 4 6    1.27808450E+02
5 3 5 1    5.65685425E+00
5 3 5 3    5.30000000E+01
5 3 5 5    1.66276878E+02
5 3 6 2    2.21359436E+01
5 3 6 4    1.27808450E+02
5 3 6 6    3.29089653E+02
5 4 1 2    2.00000000E+00
5 4 1 4    7.34846923E+00
5 4 1 6    1.09544512E+01
5 4 2 1    2.00000000E+00
5 4 2 3    1.55563492E+01
5 4 2 5    3.91918359E+01
5 4 3 2    1.55563492E+01
5 4 3 4    6.92820323E+01
5 4 3 6    1.27808450E+02
5 4 4 1    7.34846923E+00
5 4 4 3    6.92820323E+01
5 4 4 5    2.13000000E+02
5 4 5 2    3.91918359E+01
5 4 5 4    2.13000000E+02
5 4 5 6    5.09823499E+02
5 4 6 1    1.09544512E+01
5 4 6 3    1.27808450E+02
5 4 6 5    5.09823499E+02
5 5 1 1    1.00000000E+00
5 5 1 3    5.65685425E+00
5 5 1 5    1.46969385E+01
5 5 2 2    9.00000000E+00
5 5 2 4    3.91918359E+01
5 5 2 6    7.66811581E+01
5 5 3 1    5.65685425E+00
5 5 3 3    5.30000000E+01
5 5 3 5    1.66276878E+02
5 5 4 2    3.91918359E+01
5 5 4 4    2.13000000E+02
5 5 4 6    5.09823499E+02
5 5 5 1    1.46969385E+01
5 5 5 3    1.66276878E+02
5 5 5 5    6.39000000E+02
5 5 6 2    7.66811581E+01
5 5 6 4    5.09823499E+02
5 5 6 6    1.55100000E+03
5 6 1 2    2.23606798E+00
5 6 1 4    1.09544512E+01
5 6 1 6    2.44948974E+01
5 6 2 1    2.23606798E+00
5 6 2 3    2.21359436E+01
5 6 2 5    7.66811581E+01
5 6 3 2    2.21359436E+01
5 6 3 4    1.27808450E+02
5 6 3 6    3.29089653E+02
5 6 4 1    1.09544512E+01
5 6 4 3    1.27808450E+02
5 6 4 5    5.09823499E+02
5 6 5 2    7.66811581E+01
5 6 5 4    5.09823499E+02
5 6 5 6    1.55100000E+03
5 6 6 1    2.44948974E+01
5 6 6 3    3.29089653E+02
5 6 6 5    1.55100000E+03
6 1 1 6    1.00000000E+00
6 1 2 5    2.23606798E+00
6 1 3 4    3.16227766E+00
6 1 3 6    7.07106781E+00
6 1 4 3    3.16227766E+00
6 1 4 5    1.09544512E+01
6 1 5 2    2.23606798E+00
6 1 5 4    1.09544512E+01
6 1 5 6    2.44948974E+01
6 1 6 1    1.00000000E+00
6 1 6 3    7.07106781E+00
6 1 6 5    2.44948974E+01
6 2 1 5    2.23606798E+00
6 2 2 4    4.47213595E+00
6 2 2 6    1.10000000E+01
6 2 3 3    5.47722558E+00
6 2 3 5    2.21359436E+01
6 2 4 2    4.47213595E+00
6 2 4 4    2.73861279E+01
6 2 4 6    6.12372436E+01
6 2 5 1    2.23606798E+00
6 2 5 3    2.21359436E+01
6 2 5 5    7.66811581E+01
6 2 6 2    1.10000000E+01
6 2 6 4    6.12372436E+01
6 2 6 6    1.64316767E+02
6 3 1 4    3.16227766E+00
6 3 1 6    7.07106781E+00
6 3 2 3    5.47722558E+00
6 3 2 5    2.21359436E+01
6 3 3 2    5.47722558E+00
6 3 3 4    3.57770876E+01
6 3 3 6    8.10000000E+01
6 3 4 1    3.16227766E+00
6 3 4 3    3.57770876E+01
6 3 4 5    1.27808450E+02
6 3 5 2    2.21359436E+01
6 3 5 4    1.27808450E+02
6 3 5 6    3.29089653E+02
6 3 6 1    7.07106781E+00
6 3 6 3    8.10000000E+01
6 3 6 5    3.29089653E+02
6 4 1 3    3.16227766E+00
6 4 1 5    1.09544512E+01
6 4 2 2    4.47213595E+00
6 4 2 4    2.73861279E+01
6 4 2 6    6.12372436E+01
6 4 3 1    3.16227766E+00
6 4 3 3    3.57770876E+01
6 4 3 5    1.27808450E+02
6 4 4 2    2.73861279E+01
6 4 4 4    1.60996894E+02
6 4 4 6    4.11000000E+02
6 4 5 1    1.09544512E+01
6 4 5 3    1.27808450E+02
6 4 5 5    5.09823499E+02
6 4 6 2    6.12372436E+01
6 4 6 4    4.11000000E+02
6 4 6 6    1.27455875E+03
6 5 1 2    2.23606798E+00
6 5 1 4    1.09544512E+01
6 5 1 6    2.44948974E+01
6 5 2 1    2.23606798E+00
6 5 2 3    2.21359436E+01
6 5 2 5    7.66811581E+01
6 5 3 2    2.21359436E+01
6 5 3 4    1.27808450E+02
6 5 3 6    3.29089653E+02
6 5 4 1    1.09544512E+01
6 5 4 3    1.27808450E+02
6 5 4 5    5.09823499E+02
6 5 5 2    7.66811581E+01
6 5 5 4    5.09823499E+02
6 5 5 6    1.55100000E+03
6 5 6 1    2.44948974E+01
6 5 6 3    3.29089653E+02
6 5 6 5    1.55100000E+03
6 6 1 1    1.00000000E+00
6 6 1 3    7.07106781E+00
6 6 1 5    2.44948974E+01
6 6 2 2    1.10000000E+01
6 6 2 4    6.12372436E+01
6 6 2 6    1.64316767E+02
6 6 3 1    7.07106781E+00
6 6 3 3    8.10000000E+01
6 6 3 5    3.29089653E+02
6 6 4 2    6.12372436E+01
6 6 4 4    4.11000000E+02
6 6 4 6    1.27455875E+03
6 6 5 1    2.44948974E+01
6 6 5 3    3.29089653E+02
6 6 5 5    1.55100000E+03
6 6 6 2    1.64316767E+02
6 6 6 4    1.27455875E+03
6 6 6 6    4.65300000E+03
