31
1 1 1    1.00000000E+00
1 2 2    1.00000000E+00
1 3 3    1.00000000E+00
1 4 4    1.00000000E+00
1 5 5    1.00000000E+00
1 6 6    1.00000000E+00
1 7 7    1.00000000E+00
1 8 8    1.00000000E+00
1 9 9    1.00000000E+00
1 10 10    1.00000000E+00
1 11 11    1.00000000E+00
2 1 2    1.00000000E+00
2 2 1    1.00000000E+00
2 2 3    1.41421356E+00
2 3 2    1.41421356E+00
2 3 4    1.73205081E+00
2 4 3    1.73205081E+00
2 4 5    2.00000000E+00
2 5 4    2.00000000E+00
2 5 6    2.23606798E+00
2 6 5    2.23606798E+00
2 6 7    2.44948974E+00
2 7 6    2.44948974E+00
2 7 8    2.64575131E+00
2 8 7    2.64575131E+00
2 8 9    2.82842712E+00
2 9 8    2.82842712E+00
2 9 10    3.00000000E+00
2 10 9    3.00000000E+00
2 10 11    3.16227766E+00
2 11 10    3.16227766E+00
