1351
1 1 1 1    1.00000000E+00
1 1 2 2    1.00000000E+00
1 1 3 3    1.00000000E+00
1 1 4 4    1.00000000E+00
1 1 5 5    1.00000000E+00
1 1 6 6    1.00000000E+00
1 1 7 7    1.00000000E+00
1 1 8 8    1.00000000E+00
1 1 9 9    1.00000000E+00
1 1 10 10    1.00000000E+00
1 1 11 11    1.00000000E+00
1 2 1 2    1.00000000E+00
1 2 2 1    1.00000000E+00
1 2 2 3    1.41421356E+00
1 2 3 2    1.41421356E+00
1 2 3 4    1.73205081E+00
1 2 4 3    1.73205081E+00
1 2 4 5    2.00000000E+00
1 2 5 4    2.00000000E+00
1 2 5 6    2.23606798E+00
1 2 6 5    2.23606798E+00
1 2 6 7    2.44948974E+00
1 2 7 6    2.44948974E+00
1 2 7 8    2.64575131E+00
1 2 8 7    2.64575131E+00
1 2 8 9    2.82842712E+00
1 2 9 8    2.82842712E+00
1 2 9 10    3.00000000E+00
1 2 10 9    3.00000000E+00
1 2 10 11    3.16227766E+00
1 2 11 10    3.16227766E+00
1 3 1 3    1.00000000E+00
1 3 2 2    1.41421356E+00
1 3 2 4    1.73205081E+00
1 3 3 1    1.00000000E+00
1 3 3 3    2.82842712E+00
1 3 3 5    2.44948974E+00
1 3 4 2    1.73205081E+00
1 3 4 4    4.24264069E+00
1 3 4 6    3.16227766E+00
1 3 5 3    2.44948974E+00
1 3 5 5    5.65685425E+00
1 3 5 7    3.87298335E+00
1 3 6 4    3.16227766E+00
1 3 6 6    7.07106781E+00
1 3 6 8    4.58257569E+00
1 3 7 5    3.87298335E+00
1 3 7 7    8.48528137E+00
1 3 7 9    5.29150262E+00
1 3 8 6    4.58257569E+00
1 3 8 8    9.89949494E+00
1 3 8 10    6.00000000E+00
1 3 9 7    5.29150262E+00
1 3 9 9    1.13137085E+01
1 3 9 11    6.70820393E+00
1 3 10 8    6.00000000E+00
1 3 10 10    1.27279221E+01
1 3 11 9    6.70820393E+00
1 3 11 11    1.41421356E+01
1 4 1 4    1.00000000E+00
1 4 2 3    1.73205081E+00
1 4 2 5    2.00000000E+00
1 4 3 2    1.73205081E+00
1 4 3 4    4.24264069E+00
1 4 3 6    3.16227766E+00
1 4 4 1    1.00000000E+00
1 4 4 3    4.24264069E+00
1 4 4 5    7.34846923E+00
1 4 4 7    4.47213595E+00
1 4 5 2    2.00000000E+00
1 4 5 4    7.34846923E+00
1 4 5 6    1.09544512E+01
1 4 5 8    5.91607978E+00
1 4 6 3    3.16227766E+00
1 4 6 5    1.09544512E+01
1 4 6 7    1.50000000E+01
1 4 6 9    7.48331477E+00
1 4 7 4    4.47213595E+00
1 4 7 6    1.50000000E+01
1 4 7 8    1.94422221E+01
1 4 7 10    9.16515139E+00
1 4 8 5    5.91607978E+00
1 4 8 7    1.94422221E+01
1 4 8 9    2.42487113E+01
1 4 8 11    1.09544512E+01
1 4 9 6    7.48331477E+00
1 4 9 8    2.42487113E+01
1 4 9 10    2.93938769E+01
1 4 10 7    9.16515139E+00
1 4 10 9    2.93938769E+01
1 4 10 11    3.48568501E+01
1 4 11 8    1.09544512E+01
1 4 11 10    3.48568501E+01
1 5 1 5    1.00000000E+00
1 5 2 4    2.00000000E+00
1 5 2 6    2.23606798E+00
1 5 3 3    2.44948974E+00
1 5 3 5    5.65685425E+00
1 5 3 7    3.87298335E+00
1 5 4 2    2.00000000E+00
1 5 4 4    7.34846923E+00
1 5 4 6    1.09544512E+01
1 5 4 8    5.91607978E+00
1 5 5 1    1.00000000E+00
1 5 5 3    5.65685425E+00
1 5 5 5    1.46969385E+01
1 5 5 7    1.78885438E+01
1 5 5 9    8.36660027E+00
1 5 6 2    2.23606798E+00
1 5 6 4    1.09544512E+01
1 5 6 6    2.44948974E+01
1 5 6 8    2.64575131E+01
1 5 6 10    1.12249722E+01
1 5 7 3    3.87298335E+00
1 5 7 5    1.78885438E+01
1 5 7 7    3.67423461E+01
1 5 7 9    3.66606056E+01
1 5 7 11    1.44913767E+01
1 5 8 4    5.91607978E+00
1 5 8 6    2.64575131E+01
1 5 8 8    5.14392846E+01
1 5 8 10    4.84974226E+01
1 5 9 5    8.36660027E+00
1 5 9 7    3.66606056E+01
1 5 9 9    6.85857128E+01
1 5 9 11    6.19677335E+01
1 5 10 6    1.12249722E+01
1 5 10 8    4.84974226E+01
1 5 10 10    8.81816307E+01
1 5 11 7    1.44913767E+01
1 5 11 9    6.19677335E+01
1 5 11 11    1.10227038E+02
1 6 1 6    1.00000000E+00
1 6 2 5    2.23606798E+00
1 6 2 7    2.44948974E+00
1 6 3 4    3.16227766E+00
1 6 3 6    7.07106781E+00
1 6 3 8    4.58257569E+00
1 6 4 3    3.16227766E+00
1 6 4 5    1.09544512E+01
1 6 4 7    1.50000000E+01
1 6 4 9    7.48331477E+00
1 6 5 2    2.23606798E+00
1 6 5 4    1.09544512E+01
1 6 5 6    2.44948974E+01
1 6 5 8    2.64575131E+01
1 6 5 10    1.12249722E+01
1 6 6 1    1.00000000E+00
1 6 6 3    7.07106781E+00
1 6 6 5    2.44948974E+01
1 6 6 7    4.47213595E+01
1 6 6 9    4.18330013E+01
1 6 6 11    1.58745079E+01
1 6 7 2    2.44948974E+00
1 6 7 4    1.50000000E+01
1 6 7 6    4.47213595E+01
1 6 7 8    7.24568837E+01
1 6 7 10    6.14817046E+01
1 6 8 3    4.58257569E+00
1 6 8 5    2.64575131E+01
1 6 8 7    7.24568837E+01
1 6 8 9    1.08443534E+02
1 6 8 11    8.57321410E+01
1 6 9 4    7.48331477E+00
1 6 9 6    4.18330013E+01
1 6 9 8    1.08443534E+02
1 6 9 10    1.53362316E+02
1 6 10 5    1.12249722E+01
1 6 10 7    6.14817046E+01
1 6 10 9    1.53362316E+02
1 6 10 11    2.07846097E+02
1 6 11 6    1.58745079E+01
1 6 11 8    8.57321410E+01
1 6 11 10    2.07846097E+02
1 7 1 7    1.00000000E+00
1 7 2 6    2.44948974E+00
1 7 2 8    2.64575131E+00
1 7 3 5    3.87298335E+00
1 7 3 7    8.48528137E+00
1 7 3 9    5.29150262E+00
1 7 4 4    4.47213595E+00
1 7 4 6    1.50000000E+01
1 7 4 8    1.94422221E+01
1 7 4 10    9.16515139E+00
1 7 5 3    3.87298335E+00
1 7 5 5    1.78885438E+01
1 7 5 7    3.67423461E+01
1 7 5 9    3.66606056E+01
1 7 5 11    1.44913767E+01
1 7 6 2    2.44948974E+00
1 7 6 4    1.50000000E+01
1 7 6 6    4.47213595E+01
1 7 6 8    7.24568837E+01
1 7 6 10    6.14817046E+01
1 7 7 1    1.00000000E+00
1 7 7 3    8.48528137E+00
1 7 7 5    3.67423461E+01
1 7 7 7    8.94427191E+01
1 7 7 9    1.25499004E+02
1 7 7 11    9.52470472E+01
1 7 8 2    2.64575131E+00
1 7 8 4    1.94422221E+01
1 7 8 6    7.24568837E+01
1 7 8 8    1.56524758E+02
1 7 8 10    1.99223493E+02
1 7 9 3    5.29150262E+00
1 7 9 5    3.66606056E+01
1 7 9 7    1.25499004E+02
1 7 9 9    2.50439613E+02
1 7 9 11    2.96984848E+02
1 7 10 4    9.16515139E+00
1 7 10 6    6.14817046E+01
1 7 10 8    1.99223493E+02
1 7 10 10    3.75659420E+02
1 7 11 5    1.44913767E+01
1 7 11 7    9.52470472E+01
1 7 11 9    2.96984848E+02
1 7 11 11    5.36656315E+02
1 8 1 8    1.00000000E+00
1 8 2 7    2.64575131E+00
1 8 2 9    2.82842712E+00
1 8 3 6    4.58257569E+00
1 8 3 8    9.89949494E+00
1 8 3 10    6.00000000E+00
1 8 4 5    5.91607978E+00
1 8 4 7    1.94422221E+01
1 8 4 9    2.42487113E+01
1 8 4 11    1.09544512E+01
1 8 5 4    5.91607978E+00
1 8 5 6    2.64575131E+01
1 8 5 8    5.14392846E+01
1 8 5 10    4.84974226E+01
1 8 6 3    4.58257569E+00
1 8 6 5    2.64575131E+01
1 8 6 7    7.24568837E+01
1 8 6 9    1.08443534E+02
1 8 6 11    8.57321410E+01
1 8 7 2    2.64575131E+00
1 8 7 4    1.94422221E+01
1 8 7 6    7.24568837E+01
1 8 7 8    1.56524758E+02
1 8 7 10    1.99223493E+02
1 8 8 1    1.00000000E+00
1 8 8 3    9.89949494E+00
1 8 8 5    5.14392846E+01
1 8 8 7    1.56524758E+02
1 8 8 9    2.92831009E+02
1 8 8 11    3.33364665E+02
1 8 9 2    2.82842712E+00
1 8 9 4    2.42487113E+01
1 8 9 6    1.08443534E+02
1 8 9 8    2.92831009E+02
1 8 9 10    4.96950702E+02
1 8 10 3    6.00000000E+00
1 8 10 5    4.84974226E+01
1 8 10 7    1.99223493E+02
1 8 10 9    4.96950702E+02
1 8 10 11    7.85748051E+02
1 8 11 4    1.09544512E+01
1 8 11 6    8.57321410E+01
1 8 11 8    3.33364665E+02
1 8 11 10    7.85748051E+02
1 9 1 9    1.00000000E+00
1 9 2 8    2.82842712E+00
1 9 2 10    3.00000000E+00
1 9 3 7    5.29150262E+00
1 9 3 9    1.13137085E+01
1 9 3 11    6.70820393E+00
1 9 4 6    7.48331477E+00
1 9 4 8    2.42487113E+01
1 9 4 10    2.93938769E+01
1 9 5 5    8.36660027E+00
1 9 5 7    3.66606056E+01
1 9 5 9    6.85857128E+01
1 9 5 11    6.19677335E+01
1 9 6 4    7.48331477E+00
1 9 6 6    4.18330013E+01
1 9 6 8    1.08443534E+02
1 9 6 10    1.53362316E+02
1 9 7 3    5.29150262E+00
1 9 7 5    3.66606056E+01
1 9 7 7    1.25499004E+02
1 9 7 9    2.50439613E+02
1 9 7 11    2.96984848E+02
1 9 8 2    2.82842712E+00
1 9 8 4    2.42487113E+01
1 9 8 6    1.08443534E+02
1 9 8 8    2.92831009E+02
1 9 8 10    4.96950702E+02
1 9 9 1    1.00000000E+00
1 9 9 3    1.13137085E+01
1 9 9 5    6.85857128E+01
1 9 9 7    2.50439613E+02
1 9 9 9    5.85662019E+02
1 9 9 11    8.88972441E+02
1 9 10 2    3.00000000E+00
1 9 10 4    2.93938769E+01
1 9 10 6    1.53362316E+02
1 9 10 8    4.96950702E+02
1 9 10 10    1.05419163E+03
1 9 11 3    6.70820393E+00
1 9 11 5    6.19677335E+01
1 9 11 7    2.96984848E+02
1 9 11 9    8.88972441E+02
1 9 11 11    1.75698606E+03
1 10 1 10    1.00000000E+00
1 10 2 9    3.00000000E+00
1 10 2 11    3.16227766E+00
1 10 3 8    6.00000000E+00
1 10 3 10    1.27279221E+01
1 10 4 7    9.16515139E+00
1 10 4 9    2.93938769E+01
1 10 4 11    3.48568501E+01
1 10 5 6    1.12249722E+01
1 10 5 8    4.84974226E+01
1 10 5 10    8.81816307E+01
1 10 6 5    1.12249722E+01
1 10 6 7    6.14817046E+01
1 10 6 9    1.53362316E+02
1 10 6 11    2.07846097E+02
1 10 7 4    9.16515139E+00
1 10 7 6    6.14817046E+01
1 10 7 8    1.99223493E+02
1 10 7 10    3.75659420E+02
1 10 8 3    6.00000000E+00
1 10 8 5    4.84974226E+01
1 10 8 7    1.99223493E+02
1 10 8 9    4.96950702E+02
1 10 8 11    7.85748051E+02
1 10 9 2    3.00000000E+00
1 10 9 4    2.93938769E+01
1 10 9 6    1.53362316E+02
1 10 9 8    4.96950702E+02
1 10 9 10    1.05419163E+03
1 10 10 1    1.00000000E+00
1 10 10 3    1.27279221E+01
1 10 10 5    8.81816307E+01
1 10 10 7    3.75659420E+02
1 10 10 9    1.05419163E+03
1 10 10 11    2.00018799E+03
1 10 11 2    3.16227766E+00
1 10 11 4    3.48568501E+01
1 10 11 6    2.07846097E+02
1 10 11 8    7.85748051E+02
1 10 11 10    2.00018799E+03
1 11 1 11    1.00000000E+00
1 11 2 10    3.16227766E+00
1 11 3 9    6.70820393E+00
1 11 3 11    1.41421356E+01
1 11 4 8    1.09544512E+01
1 11 4 10    3.48568501E+01
1 11 5 7    1.44913767E+01
1 11 5 9    6.19677335E+01
1 11 5 11    1.10227038E+02
1 11 6 6    1.58745079E+01
1 11 6 8    8.57321410E+01
1 11 6 10    2.07846097E+02
1 11 7 5    1.44913767E+01
1 11 7 7    9.52470472E+01
1 11 7 9    2.96984848E+02
1 11 7 11    5.36656315E+02
1 11 8 4    1.09544512E+01
1 11 8 6    8.57321410E+01
1 11 8 8    3.33364665E+02
1 11 8 10    7.85748051E+02
1 11 9 3    6.70820393E+00
1 11 9 5    6.19677335E+01
1 11 9 7    2.96984848E+02
1 11 9 9    8.88972441E+02
1 11 9 11    1.75698606E+03
1 11 10 2    3.16227766E+00
1 11 10 4    3.48568501E+01
1 11 10 6    2.07846097E+02
1 11 10 8    7.85748051E+02
1 11 10 10    2.00018799E+03
1 11 11 1    1.00000000E+00
1 11 11 3    1.41421356E+01
1 11 11 5    1.10227038E+02
1 11 11 7    5.36656315E+02
1 11 11 9    1.75698606E+03
1 11 11 11    4.00037598E+03
2 1 1 2    1.00000000E+00
2 1 2 1    1.00000000E+00
2 1 2 3    1.41421356E+00
2 1 3 2    1.41421356E+00
2 1 3 4    1.73205081E+00
2 1 4 3    1.73205081E+00
2 1 4 5    2.00000000E+00
2 1 5 4    2.00000000E+00
2 1 5 6    2.23606798E+00
2 1 6 5    2.23606798E+00
2 1 6 7    2.44948974E+00
2 1 7 6    2.44948974E+00
2 1 7 8    2.64575131E+00
2 1 8 7    2.64575131E+00
2 1 8 9    2.82842712E+00
2 1 9 8    2.82842712E+00
2 1 9 10    3.00000000E+00
2 1 10 9    3.00000000E+00
2 1 10 11    3.16227766E+00
2 1 11 10    3.16227766E+00
2 2 1 1    1.00000000E+00
2 2 1 3    1.41421356E+00
2 2 2 2    3.00000000E+00
2 2 2 4    2.44948974E+00
2 2 3 1    1.41421356E+00
2 2 3 3    5.00000000E+00
2 2 3 5    3.46410162E+00
2 2 4 2    2.44948974E+00
2 2 4 4    7.00000000E+00
2 2 4 6    4.47213595E+00
2 2 5 3    3.46410162E+00
2 2 5 5    9.00000000E+00
2 2 5 7    5.47722558E+00
2 2 6 4    4.47213595E+00
2 2 6 6    1.10000000E+01
2 2 6 8    6.48074070E+00
2 2 7 5    5.47722558E+00
2 2 7 7    1.30000000E+01
2 2 7 9    7.48331477E+00
2 2 8 6    6.48074070E+00
2 2 8 8    1.50000000E+01
2 2 8 10    8.48528137E+00
2 2 9 7    7.48331477E+00
2 2 9 9    1.70000000E+01
2 2 9 11    9.48683298E+00
2 2 10 8    8.48528137E+00
2 2 10 10    1.90000000E+01
2 2 11 9    9.48683298E+00
2 2 11 11    2.10000000E+01
2 3 1 2    1.41421356E+00
2 3 1 4    1.73205081E+00
2 3 2 1    1.41421356E+00
2 3 2 3    5.00000000E+00
2 3 2 5    3.46410162E+00
2 3 3 2    5.00000000E+00
2 3 3 4    9.79795897E+00
2 3 3 6    5.47722558E+00
2 3 4 1    1.73205081E+00
2 3 4 3    9.79795897E+00
2 3 4 5    1.55563492E+01
2 3 4 7    7.74596669E+00
2 3 5 2    3.46410162E+00
2 3 5 4    1.55563492E+01
2 3 5 6    2.21359436E+01
2 3 5 8    1.02469508E+01
2 3 6 3    5.47722558E+00
2 3 6 5    2.21359436E+01
2 3 6 7    2.94448637E+01
2 3 6 9    1.29614814E+01
2 3 7 4    7.74596669E+00
2 3 7 6    2.94448637E+01
2 3 7 8    3.74165739E+01
2 3 7 10    1.58745079E+01
2 3 8 5    1.02469508E+01
2 3 8 7    3.74165739E+01
2 3 8 9    4.60000000E+01
2 3 8 11    1.89736660E+01
2 3 9 6    1.29614814E+01
2 3 9 8    4.60000000E+01
2 3 9 10    5.51543289E+01
2 3 10 7    1.58745079E+01
2 3 10 9    5.51543289E+01
2 3 10 11    6.48459713E+01
2 3 11 8    1.89736660E+01
2 3 11 10    6.48459713E+01
2 4 1 3    1.73205081E+00
2 4 1 5    2.00000000E+00
2 4 2 2    2.44948974E+00
2 4 2 4    7.00000000E+00
2 4 2 6    4.47213595E+00
2 4 3 1    1.73205081E+00
2 4 3 3    9.79795897E+00
2 4 3 5    1.55563492E+01
2 4 3 7    7.74596669E+00
2 4 4 2    7.00000000E+00
2 4 4 4    2.20454077E+01
2 4 4 6    2.73861279E+01
2 4 4 8    1.18321596E+01
2 4 5 1    2.00000000E+00
2 4 5 3    1.55563492E+01
2 4 5 5    3.91918359E+01
2 4 5 7    4.24852916E+01
2 4 5 9    1.67332005E+01
2 4 6 2    4.47213595E+00
2 4 6 4    2.73861279E+01
2 4 6 6    6.12372436E+01
2 4 6 8    6.08522802E+01
2 4 6 10    2.24499443E+01
2 4 7 3    7.74596669E+00
2 4 7 5    4.24852916E+01
2 4 7 7    8.81816307E+01
2 4 7 9    8.24863625E+01
2 4 7 11    2.89827535E+01
2 4 8 4    1.18321596E+01
2 4 8 6    6.08522802E+01
2 4 8 8    1.20024997E+02
2 4 8 10    1.07387150E+02
2 4 9 5    1.67332005E+01
2 4 9 7    8.24863625E+01
2 4 9 9    1.56767344E+02
2 4 9 11    1.35554417E+02
2 4 10 6    2.24499443E+01
2 4 10 8    1.07387150E+02
2 4 10 10    1.98408669E+02
2 4 11 7    2.89827535E+01
2 4 11 9    1.35554417E+02
2 4 11 11    2.44948974E+02
2 5 1 4    2.00000000E+00
2 5 1 6    2.23606798E+00
2 5 2 3    3.46410162E+00
2 5 2 5    9.00000000E+00
2 5 2 7    5.47722558E+00
2 5 3 2    3.46410162E+00
2 5 3 4    1.55563492E+01
2 5 3 6    2.21359436E+01
2 5 3 8    1.02469508E+01
2 5 4 1    2.00000000E+00
2 5 4 3    1.55563492E+01
2 5 4 5    3.91918359E+01
2 5 4 7    4.24852916E+01
2 5 4 9    1.67332005E+01
2 5 5 2    9.00000000E+00
2 5 5 4    3.91918359E+01
2 5 5 6    7.66811581E+01
2 5 5 8    7.09929574E+01
2 5 5 10    2.50998008E+01
2 5 6 1    2.23606798E+00
2 5 6 3    2.21359436E+01
2 5 6 5    7.66811581E+01
2 5 6 7    1.30000000E+02
2 5 6 9    1.08508064E+02
2 5 6 11    3.54964787E+01
2 5 7 2    5.47722558E+00
2 5 7 4    4.24852916E+01
2 5 7 6    1.30000000E+02
2 5 7 8    2.00902962E+02
2 5 7 10    1.55807574E+02
2 5 8 3    1.02469508E+01
2 5 8 5    7.09929574E+01
2 5 8 7    2.00902962E+02
2 5 8 9    2.90984536E+02
2 5 8 11    2.13611797E+02
2 5 9 4    1.67332005E+01
2 5 9 6    1.08508064E+02
2 5 9 8    2.90984536E+02
2 5 9 10    4.01716318E+02
2 5 10 5    2.50998008E+01
2 5 10 7    1.55807574E+02
2 5 10 9    4.01716318E+02
2 5 10 11    5.34471702E+02
2 5 11 6    3.54964787E+01
2 5 11 8    2.13611797E+02
2 5 11 10    5.34471702E+02
2 6 1 5    2.23606798E+00
2 6 1 7    2.44948974E+00
2 6 2 4    4.47213595E+00
2 6 2 6    1.10000000E+01
2 6 2 8    6.48074070E+00
2 6 3 3    5.47722558E+00
2 6 3 5    2.21359436E+01
2 6 3 7    2.94448637E+01
2 6 3 9    1.29614814E+01
2 6 4 2    4.47213595E+00
2 6 4 4    2.73861279E+01
2 6 4 6    6.12372436E+01
2 6 4 8    6.08522802E+01
2 6 4 10    2.24499443E+01
2 6 5 1    2.23606798E+00
2 6 5 3    2.21359436E+01
2 6 5 5    7.66811581E+01
2 6 5 7    1.30000000E+02
2 6 5 9    1.08508064E+02
2 6 5 11    3.54964787E+01
2 6 6 2    1.10000000E+01
2 6 6 4    6.12372436E+01
2 6 6 6    1.64316767E+02
2 6 6 8    2.36643191E+02
2 6 6 10    1.75698606E+02
2 6 7 1    2.44948974E+00
2 6 7 3    2.94448637E+01
2 6 7 5    1.30000000E+02
2 6 7 7    3.01247407E+02
2 6 7 9    3.89384129E+02
2 6 7 11    2.65710369E+02
2 6 8 2    6.48074070E+00
2 6 8 4    6.08522802E+01
2 6 8 6    2.36643191E+02
2 6 8 8    4.98427527E+02
2 6 8 10    5.96439435E+02
2 6 9 3    1.29614814E+01
2 6 9 5    1.08508064E+02
2 6 9 7    3.89384129E+02
2 6 9 9    7.66811581E+02
2 6 9 11    8.66025404E+02
2 6 10 4    2.24499443E+01
2 6 10 6    1.75698606E+02
2 6 10 8    5.96439435E+02
2 6 10 10    1.11735402E+03
2 6 11 5    3.54964787E+01
2 6 11 7    2.65710369E+02
2 6 11 9    8.66025404E+02
2 6 11 11    1.56100929E+03
2 7 1 6    2.44948974E+00
2 7 1 8    2.64575131E+00
2 7 2 5    5.47722558E+00
2 7 2 7    1.30000000E+01
2 7 2 9    7.48331477E+00
2 7 3 4    7.74596669E+00
2 7 3 6    2.94448637E+01
2 7 3 8    3.74165739E+01
2 7 3 10    1.58745079E+01
2 7 4 3    7.74596669E+00
2 7 4 5    4.24852916E+01
2 7 4 7    8.81816307E+01
2 7 4 9    8.24863625E+01
2 7 4 11    2.89827535E+01
2 7 5 2    5.47722558E+00
2 7 5 4    4.24852916E+01
2 7 5 6    1.30000000E+02
2 7 5 8    2.00902962E+02
2 7 5 10    1.55807574E+02
2 7 6 1    2.44948974E+00
2 7 6 3    2.94448637E+01
2 7 6 5    1.30000000E+02
2 7 6 7    3.01247407E+02
2 7 6 9    3.89384129E+02
2 7 6 11    2.65710369E+02
2 7 7 2    1.30000000E+01
2 7 7 4    8.81816307E+01
2 7 7 6    3.01247407E+02
2 7 7 8    5.91607978E+02
2 7 7 10    6.77694621E+02
2 7 8 1    2.64575131E+00
2 7 8 3    3.74165739E+01
2 7 8 5    2.00902962E+02
2 7 8 7    5.91607978E+02
2 7 8 9    1.04038935E+03
2 7 8 11    1.09200000E+03
2 7 9 2    7.48331477E+00
2 7 9 4    8.24863625E+01
2 7 9 6    3.89384129E+02
2 7 9 8    1.04038935E+03
2 7 9 10    1.69046739E+03
2 7 10 3    1.58745079E+01
2 7 10 5    1.55807574E+02
2 7 10 7    6.77694621E+02
2 7 10 9    1.69046739E+03
2 7 10 11    2.58801082E+03
2 7 11 4    2.89827535E+01
2 7 11 6    2.65710369E+02
2 7 11 8    1.09200000E+03
2 7 11 10    2.58801082E+03
2 8 1 7    2.64575131E+00
2 8 1 9    2.82842712E+00
2 8 2 6    6.48074070E+00
2 8 2 8    1.50000000E+01
2 8 2 10    8.48528137E+00
2 8 3 5    1.02469508E+01
2 8 3 7    3.74165739E+01
2 8 3 9    4.60000000E+01
2 8 3 11    1.89736660E+01
2 8 4 4    1.18321596E+01
2 8 4 6    6.08522802E+01
2 8 4 8    1.20024997E+02
2 8 4 10    1.07387150E+02
2 8 5 3    1.02469508E+01
2 8 5 5    7.09929574E+01
2 8 5 7    2.00902962E+02
2 8 5 9    2.90984536E+02
2 8 5 11    2.13611797E+02
2 8 6 2    6.48074070E+00
2 8 6 4    6.08522802E+01
2 8 6 6    2.36643191E+02
2 8 6 8    4.98427527E+02
2 8 6 10    5.96439435E+02
2 8 7 1    2.64575131E+00
2 8 7 3    3.74165739E+01
2 8 7 5    2.00902962E+02
2 8 7 7    5.91607978E+02
2 8 7 9    1.04038935E+03
2 8 7 11    1.09200000E+03
2 8 8 2    1.50000000E+01
2 8 8 4    1.20024997E+02
2 8 8 6    4.98427527E+02
2 8 8 8    1.24237675E+03
2 8 8 10    1.93268466E+03
2 8 9 1    2.82842712E+00
2 8 9 3    4.60000000E+01
2 8 9 5    2.90984536E+02
2 8 9 7    1.04038935E+03
2 8 9 9    2.31910327E+03
2 8 9 11    3.30014182E+03
2 8 10 2    8.48528137E+00
2 8 10 4    1.07387150E+02
2 8 10 6    5.96439435E+02
2 8 10 8    1.93268466E+03
2 8 10 10    3.97560561E+03
2 8 11 3    1.89736660E+01
2 8 11 5    2.13611797E+02
2 8 11 7    1.09200000E+03
2 8 11 9    3.30014182E+03
2 8 11 11    6.38936617E+03
2 9 1 8    2.82842712E+00
2 9 1 10    3.00000000E+00
2 9 2 7    7.48331477E+00
2 9 2 9    1.70000000E+01
2 9 2 11    9.48683298E+00
2 9 3 6    1.29614814E+01
2 9 3 8    4.60000000E+01
2 9 3 10    5.51543289E+01
2 9 4 5    1.67332005E+01
2 9 4 7    8.24863625E+01
2 9 4 9    1.56767344E+02
2 9 4 11    1.35554417E+02
2 9 5 4    1.67332005E+01
2 9 5 6    1.08508064E+02
2 9 5 8    2.90984536E+02
2 9 5 10    4.01716318E+02
2 9 6 3    1.29614814E+01
2 9 6 5    1.08508064E+02
2 9 6 7    3.89384129E+02
2 9 6 9    7.66811581E+02
2 9 6 11    8.66025404E+02
2 9 7 2    7.48331477E+00
2 9 7 4    8.24863625E+01
2 9 7 6    3.89384129E+02
2 9 7 8    1.04038935E+03
2 9 7 10    1.69046739E+03
2 9 8 1    2.82842712E+00
2 9 8 3    4.60000000E+01
2 9 8 5    2.90984536E+02
2 9 8 7    1.04038935E+03
2 9 8 9    2.31910327E+03
2 9 8 11    3.30014182E+03
2 9 9 2    1.70000000E+01
2 9 9 4    1.56767344E+02
2 9 9 6    7.66811581E+02
2 9 9 8    2.31910327E+03
2 9 9 10    4.56816374E+03
2 9 10 1    3.00000000E+00
2 9 10 3    5.51543289E+01
2 9 10 5    4.01716318E+02
2 9 10 7    1.69046739E+03
2 9 10 9    4.56816374E+03
2 9 10 11    8.22299507E+03
2 9 11 2    9.48683298E+00
2 9 11 4    1.35554417E+02
2 9 11 6    8.66025404E+02
2 9 11 8    3.30014182E+03
2 9 11 10    8.22299507E+03
2 10 1 9    3.00000000E+00
2 10 1 11    3.16227766E+00
2 10 2 8    8.48528137E+00
2 10 2 10    1.90000000E+01
2 10 3 7    1.58745079E+01
2 10 3 9    5.51543289E+01
2 10 3 11    6.48459713E+01
2 10 4 6    2.24499443E+01
2 10 4 8    1.07387150E+02
2 10 4 10    1.98408669E+02
2 10 5 5    2.50998008E+01
2 10 5 7    1.55807574E+02
2 10 5 9    4.01716318E+02
2 10 5 11    5.34471702E+02
2 10 6 4    2.24499443E+01
2 10 6 6    1.75698606E+02
2 10 6 8    5.96439435E+02
2 10 6 10    1.11735402E+03
2 10 7 3    1.58745079E+01
2 10 7 5    1.55807574E+02
2 10 7 7    6.77694621E+02
2 10 7 9    1.69046739E+03
2 10 7 11    2.58801082E+03
2 10 8 2    8.48528137E+00
2 10 8 4    1.07387150E+02
2 10 8 6    5.96439435E+02
2 10 8 8    1.93268466E+03
2 10 8 10    3.97560561E+03
2 10 9 1    3.00000000E+00
2 10 9 3    5.51543289E+01
2 10 9 5    4.01716318E+02
2 10 9 7    1.69046739E+03
2 10 9 9    4.56816374E+03
2 10 9 11    8.22299507E+03
2 10 10 2    1.90000000E+01
2 10 10 4    1.98408669E+02
2 10 10 6    1.11735402E+03
2 10 10 8    3.97560561E+03
2 10 10 10    9.48772470E+03
2 10 11 1    3.16227766E+00
2 10 11 3    6.48459713E+01
2 10 11 5    5.34471702E+02
2 10 11 7    2.58801082E+03
2 10 11 9    8.22299507E+03
2 10 11 11    1.79212578E+04
2 11 1 10    3.16227766E+00
2 11 2 9    9.48683298E+00
2 11 2 11    2.10000000E+01
2 11 3 8    1.89736660E+01
2 11 3 10    6.48459713E+01
2 11 4 7    2.89827535E+01
2 11 4 9    1.35554417E+02
2 11 4 11    2.44948974E+02
2 11 5 6    3.54964787E+01
2 11 5 8    2.13611797E+02
2 11 5 10    5.34471702E+02
2 11 6 5    3.54964787E+01
2 11 6 7    2.65710369E+02
2 11 6 9    8.66025404E+02
2 11 6 11    1.56100929E+03
2 11 7 4    2.89827535E+01
2 11 7 6    2.65710369E+02
2 11 7 8    1.09200000E+03
2 11 7 10    2.58801082E+03
2 11 8 3    1.89736660E+01
2 11 8 5    2.13611797E+02
2 11 8 7    1.09200000E+03
2 11 8 9    3.30014182E+03
2 11 8 11    6.38936617E+03
2 11 9 2    9.48683298E+00
2 11 9 4    1.35554417E+02
2 11 9 6    8.66025404E+02
2 11 9 8    3.30014182E+03
2 11 9 10    8.22299507E+03
2 11 10 1    3.16227766E+00
2 11 10 3    6.48459713E+01
2 11 10 5    5.34471702E+02
2 11 10 7    2.58801082E+03
2 11 10 9    8.22299507E+03
2 11 10 11    1.79212578E+04
2 11 11 2    2.10000000E+01
2 11 11 4    2.44948974E+02
2 11 11 6    1.56100929E+03
2 11 11 8    6.38936617E+03
2 11 11 10    1.79212578E+04
3 1 1 3    1.00000000E+00
3 1 2 2    1.41421356E+00
3 1 2 4    1.73205081E+00
3 1 3 1    1.00000000E+00
3 1 3 3    2.82842712E+00
3 1 3 5    2.44948974E+00
3 1 4 2    1.73205081E+00
3 1 4 4    4.24264069E+00
3 1 4 6    3.16227766E+00
3 1 5 3    2.44948974E+00
3 1 5 5    5.65685425E+00
3 1 5 7    3.87298335E+00
3 1 6 4    3.16227766E+00
3 1 6 6    7.07106781E+00
3 1 6 8    4.58257569E+00
3 1 7 5    3.87298335E+00
3 1 7 7    8.48528137E+00
3 1 7 9    5.29150262E+00
3 1 8 6    4.58257569E+00
3 1 8 8    9.89949494E+00
3 1 8 10    6.00000000E+00
3 1 9 7    5.29150262E+00
3 1 9 9    1.13137085E+01
3 1 9 11    6.70820393E+00
3 1 10 8    6.00000000E+00
3 1 10 10    1.27279221E+01
3 1 11 9    6.70820393E+00
3 1 11 11    1.41421356E+01
3 2 1 2    1.41421356E+00
3 2 1 4    1.73205081E+00
3 2 2 1    1.41421356E+00
3 2 2 3    5.00000000E+00
3 2 2 5    3.46410162E+00
3 2 3 2    5.00000000E+00
3 2 3 4    9.79795897E+00
3 2 3 6    5.47722558E+00
3 2 4 1    1.73205081E+00
3 2 4 3    9.79795897E+00
3 2 4 5    1.55563492E+01
3 2 4 7    7.74596669E+00
3 2 5 2    3.46410162E+00
3 2 5 4    1.55563492E+01
3 2 5 6    2.21359436E+01
3 2 5 8    1.02469508E+01
3 2 6 3    5.47722558E+00
3 2 6 5    2.21359436E+01
3 2 6 7    2.94448637E+01
3 2 6 9    1.29614814E+01
3 2 7 4    7.74596669E+00
3 2 7 6    2.94448637E+01
3 2 7 8    3.74165739E+01
3 2 7 10    1.58745079E+01
3 2 8 5    1.02469508E+01
3 2 8 7    3.74165739E+01
3 2 8 9    4.60000000E+01
3 2 8 11    1.89736660E+01
3 2 9 6    1.29614814E+01
3 2 9 8    4.60000000E+01
3 2 9 10    5.51543289E+01
3 2 10 7    1.58745079E+01
3 2 10 9    5.51543289E+01
3 2 10 11    6.48459713E+01
3 2 11 8    1.89736660E+01
3 2 11 10    6.48459713E+01
3 3 1 1    1.00000000E+00
3 3 1 3    2.82842712E+00
3 3 1 5    2.44948974E+00
3 3 2 2    5.00000000E+00
3 3 2 4    9.79795897E+00
3 3 2 6    5.47722558E+00
3 3 3 1    2.82842712E+00
3 3 3 3    1.50000000E+01
3 3 3 5    2.07846097E+01
3 3 3 7    9.48683298E+00
3 3 4 2    9.79795897E+00
3 3 4 4    3.10000000E+01
3 3 4 6    3.57770876E+01
3 3 4 8    1.44913767E+01
3 3 5 1    2.44948974E+00
3 3 5 3    2.07846097E+01
3 3 5 5    5.30000000E+01
3 3 5 7    5.47722558E+01
3 3 5 9    2.04939015E+01
3 3 6 2    5.47722558E+00
3 3 6 4    3.57770876E+01
3 3 6 6    8.10000000E+01
3 3 6 8    7.77688884E+01
3 3 6 10    2.74954542E+01
3 3 7 3    9.48683298E+00
3 3 7 5    5.47722558E+01
3 3 7 7    1.15000000E+02
3 3 7 9    1.04766407E+02
3 3 7 11    3.54964787E+01
3 3 8 4    1.44913767E+01
3 3 8 6    7.77688884E+01
3 3 8 8    1.55000000E+02
3 3 8 10    1.35764502E+02
3 3 9 5    2.04939015E+01
3 3 9 7    1.04766407E+02
3 3 9 9    2.01000000E+02
3 3 9 11    1.70762994E+02
3 3 10 6    2.74954542E+01
3 3 10 8    1.35764502E+02
3 3 10 10    2.53000000E+02
3 3 11 7    3.54964787E+01
3 3 11 9    1.70762994E+02
3 3 11 11    3.11000000E+02
3 4 1 2    1.73205081E+00
3 4 1 4    4.24264069E+00
3 4 1 6    3.16227766E+00
3 4 2 1    1.73205081E+00
3 4 2 3    9.79795897E+00
3 4 2 5    1.55563492E+01
3 4 2 7    7.74596669E+00
3 4 3 2    9.79795897E+00
3 4 3 4    3.10000000E+01
3 4 3 6    3.57770876E+01
3 4 3 8    1.44913767E+01
3 4 4 1    4.24264069E+00
3 4 4 3    3.10000000E+01
3 4 4 5    6.92820323E+01
3 4 4 7    6.64078309E+01
3 4 4 9    2.36643191E+01
3 4 5 2    1.55563492E+01
3 4 5 4    6.92820323E+01
3 4 5 6    1.27808450E+02
3 4 5 8    1.08765803E+02
3 4 5 10    3.54964787E+01
3 4 6 1    3.16227766E+00
3 4 6 3    3.57770876E+01
3 4 6 5    1.27808450E+02
3 4 6 7    2.09303607E+02
3 4 6 9    1.64036581E+02
3 4 6 11    5.01996016E+01
3 4 7 2    7.74596669E+00
3 4 7 4    6.64078309E+01
3 4 7 6    2.09303607E+02
3 4 7 8    3.16197723E+02
3 4 7 10    2.33306665E+02
3 4 8 3    1.44913767E+01
3 4 8 5    1.08765803E+02
3 4 8 7    3.16197723E+02
3 4 8 9    4.50706113E+02
3 4 8 11    3.17584634E+02
3 4 9 4    2.36643191E+01
3 4 9 6    1.64036581E+02
3 4 9 8    4.50706113E+02
3 4 9 10    6.14878037E+02
3 4 10 5    3.54964787E+01
3 4 10 7    2.33306665E+02
3 4 10 9    6.14878037E+02
3 4 10 11    8.10629385E+02
3 4 11 6    5.01996016E+01
3 4 11 8    3.17584634E+02
3 4 11 10    8.10629385E+02
3 5 1 3    2.44948974E+00
3 5 1 5    5.65685425E+00
3 5 1 7    3.87298335E+00
3 5 2 2    3.46410162E+00
3 5 2 4    1.55563492E+01
3 5 2 6    2.21359436E+01
3 5 2 8    1.02469508E+01
3 5 3 1    2.44948974E+00
3 5 3 3    2.07846097E+01
3 5 3 5    5.30000000E+01
3 5 3 7    5.47722558E+01
3 5 3 9    2.04939015E+01
3 5 4 2    1.55563492E+01
3 5 4 4    6.92820323E+01
3 5 4 6    1.27808450E+02
3 5 4 8    1.08765803E+02
3 5 4 10    3.54964787E+01
3 5 5 1    5.65685425E+00
3 5 5 3    5.30000000E+01
3 5 5 5    1.66276878E+02
3 5 5 7    2.52982213E+02
3 5 5 9    1.89314553E+02
3 5 5 11    5.61248608E+01
3 5 6 2    2.21359436E+01
3 5 6 4    1.27808450E+02
3 5 6 6    3.29089653E+02
3 5 6 8    4.41515572E+02
3 5 6 10    3.01615649E+02
3 5 7 1    3.87298335E+00
3 5 7 3    5.47722558E+01
3 5 7 5    2.52982213E+02
3 5 7 7    5.75040868E+02
3 5 7 9    7.06400736E+02
3 5 7 11    4.50865834E+02
3 5 8 2    1.02469508E+01
3 5 8 4    1.08765803E+02
3 5 8 6    4.41515572E+02
3 5 8 8    9.21451030E+02
3 5 8 10    1.06062906E+03
3 5 9 3    2.04939015E+01
3 5 9 5    1.89314553E+02
3 5 9 7    7.06400736E+02
3 5 9 9    1.38564065E+03
3 5 9 11    1.51719148E+03
3 5 10 4    3.54964787E+01
3 5 10 6    3.01615649E+02
3 5 10 8    1.06062906E+03
3 5 10 10    1.98493023E+03
3 5 11 5    5.61248608E+01
3 5 11 7    4.50865834E+02
3 5 11 9    1.51719148E+03
3 5 11 11    2.73664028E+03
3 6 1 4    3.16227766E+00
3 6 1 6    7.07106781E+00
3 6 1 8    4.58257569E+00
3 6 2 3    5.47722558E+00
3 6 2 5    2.21359436E+01
3 6 2 7    2.94448637E+01
3 6 2 9    1.29614814E+01
3 6 3 2    5.47722558E+00
3 6 3 4    3.57770876E+01
3 6 3 6    8.10000000E+01
3 6 3 8    7.77688884E+01
3 6 3 10    2.74954542E+01
3 6 4 1    3.16227766E+00
3 6 4 3    3.57770876E+01
3 6 4 5    1.27808450E+02
3 6 4 7    2.09303607E+02
3 6 4 9    1.64036581E+02
3 6 4 11    5.01996016E+01
3 6 5 2    2.21359436E+01
3 6 5 4    1.27808450E+02
3 6 5 6    3.29089653E+02
3 6 5 8    4.41515572E+02
3 6 5 10    3.01615649E+02
3 6 6 1    7.07106781E+00
3 6 6 3    8.10000000E+01
3 6 6 5    3.29089653E+02
3 6 6 7    6.95701085E+02
3 6 6 9    8.16419010E+02
3 6 6 11    5.05123747E+02
3 6 7 2    2.94448637E+01
3 6 7 4    2.09303607E+02
3 6 7 6    6.95701085E+02
3 6 7 8    1.29111580E+03
3 6 7 10    1.37668079E+03
3 6 8 1    4.58257569E+00
3 6 8 3    7.77688884E+01
3 6 8 5    4.41515572E+02
3 6 8 7    1.29111580E+03
3 6 8 9    2.18541300E+03
3 6 8 11    2.16852761E+03
3 6 9 2    1.29614814E+01
3 6 9 4    1.64036581E+02
3 6 9 6    8.16419010E+02
3 6 9 8    2.18541300E+03
3 6 9 10    3.45470114E+03
3 6 10 3    2.74954542E+01
3 6 10 5    3.01615649E+02
3 6 10 7    1.37668079E+03
3 6 10 9    3.45470114E+03
3 6 10 11    5.18067081E+03
3 6 11 4    5.01996016E+01
3 6 11 6    5.05123747E+02
3 6 11 8    2.16852761E+03
3 6 11 10    5.18067081E+03
3 7 1 5    3.87298335E+00
3 7 1 7    8.48528137E+00
3 7 1 9    5.29150262E+00
3 7 2 4    7.74596669E+00
3 7 2 6    2.94448637E+01
3 7 2 8    3.74165739E+01
3 7 2 10    1.58745079E+01
3 7 3 3    9.48683298E+00
3 7 3 5    5.47722558E+01
3 7 3 7    1.15000000E+02
3 7 3 9    1.04766407E+02
3 7 3 11    3.54964787E+01
3 7 4 2    7.74596669E+00
3 7 4 4    6.64078309E+01
3 7 4 6    2.09303607E+02
3 7 4 8    3.16197723E+02
3 7 4 10    2.33306665E+02
3 7 5 1    3.87298335E+00
3 7 5 3    5.47722558E+01
3 7 5 5    2.52982213E+02
3 7 5 7    5.75040868E+02
3 7 5 9    7.06400736E+02
3 7 5 11    4.50865834E+02
3 7 6 2    2.94448637E+01
3 7 6 4    2.09303607E+02
3 7 6 6    6.95701085E+02
3 7 6 8    1.29111580E+03
3 7 6 10    1.37668079E+03
3 7 7 1    8.48528137E+00
3 7 7 3    1.15000000E+02
3 7 7 5    5.75040868E+02
3 7 7 7    1.56532744E+03
3 7 7 9    2.53208215E+03
3 7 7 11    2.43581896E+03
3 7 8 2    3.74165739E+01
3 7 8 4    3.16197723E+02
3 7 8 6    1.29111580E+03
3 7 8 8    3.07689616E+03
3 7 8 10    4.50791304E+03
3 7 9 1    5.29150262E+00
3 7 9 3    1.04766407E+02
3 7 9 5    7.06400736E+02
3 7 9 7    2.53208215E+03
3 7 9 9    5.48971402E+03
3 7 9 11    7.46400000E+03
3 7 10 2    1.58745079E+01
3 7 10 4    2.33306665E+02
3 7 10 6    1.37668079E+03
3 7 10 8    4.50791304E+03
3 7 10 10    9.10735966E+03
3 7 11 3    3.54964787E+01
3 7 11 5    4.50865834E+02
3 7 11 7    2.43581896E+03
3 7 11 9    7.46400000E+03
3 7 11 11    1.42776836E+04
3 8 1 6    4.58257569E+00
3 8 1 8    9.89949494E+00
3 8 1 10    6.00000000E+00
3 8 2 5    1.02469508E+01
3 8 2 7    3.74165739E+01
3 8 2 9    4.60000000E+01
3 8 2 11    1.89736660E+01
3 8 3 4    1.44913767E+01
3 8 3 6    7.77688884E+01
3 8 3 8    1.55000000E+02
3 8 3 10    1.35764502E+02
3 8 4 3    1.44913767E+01
3 8 4 5    1.08765803E+02
3 8 4 7    3.16197723E+02
3 8 4 9    4.50706113E+02
3 8 4 11    3.17584634E+02
3 8 5 2    1.02469508E+01
3 8 5 4    1.08765803E+02
3 8 5 6    4.41515572E+02
3 8 5 8    9.21451030E+02
3 8 5 10    1.06062906E+03
3 8 6 1    4.58257569E+00
3 8 6 3    7.77688884E+01
3 8 6 5    4.41515572E+02
3 8 6 7    1.29111580E+03
3 8 6 9    2.18541300E+03
3 8 6 11    2.16852761E+03
3 8 7 2    3.74165739E+01
3 8 7 4    3.16197723E+02
3 8 7 6    1.29111580E+03
3 8 7 8    3.07689616E+03
3 8 7 10    4.50791304E+03
3 8 8 1    9.89949494E+00
3 8 8 3    1.55000000E+02
3 8 8 5    9.21451030E+02
3 8 8 7    3.07689616E+03
3 8 8 9    6.37753401E+03
3 8 8 11    8.40750415E+03
3 8 9 2    4.60000000E+01
3 8 9 4    4.50706113E+02
3 8 9 6    2.18541300E+03
3 8 9 8    6.37753401E+03
3 8 9 10    1.19475052E+04
3 8 10 1    6.00000000E+00
3 8 10 3    1.35764502E+02
3 8 10 5    1.06062906E+03
3 8 10 7    4.50791304E+03
3 8 10 9    1.19475052E+04
3 8 10 11    2.07321073E+04
3 8 11 2    1.89736660E+01
3 8 11 4    3.17584634E+02
3 8 11 6    2.16852761E+03
3 8 11 8    8.40750415E+03
3 8 11 10    2.07321073E+04
3 9 1 7    5.29150262E+00
3 9 1 9    1.13137085E+01
3 9 1 11    6.70820393E+00
3 9 2 6    1.29614814E+01
3 9 2 8    4.60000000E+01
3 9 2 10    5.51543289E+01
3 9 3 5    2.04939015E+01
3 9 3 7    1.04766407E+02
3 9 3 9    2.01000000E+02
3 9 3 11    1.70762994E+02
3 9 4 4    2.36643191E+01
3 9 4 6    1.64036581E+02
3 9 4 8    4.50706113E+02
3 9 4 10    6.14878037E+02
3 9 5 3    2.04939015E+01
3 9 5 5    1.89314553E+02
3 9 5 7    7.06400736E+02
3 9 5 9    1.38564065E+03
3 9 5 11    1.51719148E+03
3 9 6 2    1.29614814E+01
3 9 6 4    1.64036581E+02
3 9 6 6    8.16419010E+02
3 9 6 8    2.18541300E+03
3 9 6 10    3.45470114E+03
3 9 7 1    5.29150262E+00
3 9 7 3    1.04766407E+02
3 9 7 5    7.06400736E+02
3 9 7 7    2.53208215E+03
3 9 7 9    5.48971402E+03
3 9 7 11    7.46400000E+03
3 9 8 2    4.60000000E+01
3 9 8 4    4.50706113E+02
3 9 8 6    2.18541300E+03
3 9 8 8    6.37753401E+03
3 9 8 10    1.19475052E+04
3 9 9 1    1.13137085E+01
3 9 9 3    2.01000000E+02
3 9 9 5    1.38564065E+03
3 9 9 7    5.48971402E+03
3 9 9 9    1.39146196E+04
3 9 9 11    2.34152919E+04
3 9 10 2    5.51543289E+01
3 9 10 4    6.14878037E+02
3 9 10 6    3.45470114E+03
3 9 10 8    1.19475052E+04
3 9 10 10    2.73322886E+04
3 9 11 1    6.70820393E+00
3 9 11 3    1.70762994E+02
3 9 11 5    1.51719148E+03
3 9 11 7    7.46400000E+03
3 9 11 9    2.34152919E+04
3 9 11 11    4.95530843E+04
3 10 1 8    6.00000000E+00
3 10 1 10    1.27279221E+01
3 10 2 7    1.58745079E+01
3 10 2 9    5.51543289E+01
3 10 2 11    6.48459713E+01
3 10 3 6    2.74954542E+01
3 10 3 8    1.35764502E+02
3 10 3 10    2.53000000E+02
3 10 4 5    3.54964787E+01
3 10 4 7    2.33306665E+02
3 10 4 9    6.14878037E+02
3 10 4 11    8.10629385E+02
3 10 5 4    3.54964787E+01
3 10 5 6    3.01615649E+02
3 10 5 8    1.06062906E+03
3 10 5 10    1.98493023E+03
3 10 6 3    2.74954542E+01
3 10 6 5    3.01615649E+02
3 10 6 7    1.37668079E+03
3 10 6 9    3.45470114E+03
3 10 6 11    5.18067081E+03
3 10 7 2    1.58745079E+01
3 10 7 4    2.33306665E+02
3 10 7 6    1.37668079E+03
3 10 7 8    4.50791304E+03
3 10 7 10    9.10735966E+03
3 10 8 1    6.00000000E+00
3 10 8 3    1.35764502E+02
3 10 8 5    1.06062906E+03
3 10 8 7    4.50791304E+03
3 10 8 9    1.19475052E+04
3 10 8 11    2.07321073E+04
3 10 9 2    5.51543289E+01
3 10 9 4    6.14878037E+02
3 10 9 6    3.45470114E+03
3 10 9 8    1.19475052E+04
3 10 9 10    2.73322886E+04
3 10 10 1    1.27279221E+01
3 10 10 3    2.53000000E+02
3 10 10 5    1.98493023E+03
3 10 10 7    9.10735966E+03
3 10 10 9    2.73322886E+04
3 10 10 11    5.61024109E+04
3 10 11 2    6.48459713E+01
3 10 11 4    8.10629385E+02
3 10 11 6    5.18067081E+03
3 10 11 8    2.07321073E+04
3 10 11 10    5.61024109E+04
3 11 1 9    6.70820393E+00
3 11 1 11    1.41421356E+01
3 11 2 8    1.89736660E+01
3 11 2 10    6.48459713E+01
3 11 3 7    3.54964787E+01
3 11 3 9    1.70762994E+02
3 11 3 11    3.11000000E+02
3 11 4 6    5.01996016E+01
3 11 4 8    3.17584634E+02
3 11 4 10    8.10629385E+02
3 11 5 5    5.61248608E+01
3 11 5 7    4.50865834E+02
3 11 5 9    1.51719148E+03
3 11 5 11    2.73664028E+03
3 11 6 4    5.01996016E+01
3 11 6 6    5.05123747E+02
3 11 6 8    2.16852761E+03
3 11 6 10    5.18067081E+03
3 11 7 3    3.54964787E+01
3 11 7 5    4.50865834E+02
3 11 7 7    2.43581896E+03
3 11 7 9    7.46400000E+03
3 11 7 11    1.42776836E+04
3 11 8 2    1.89736660E+01
3 11 8 4    3.17584634E+02
3 11 8 6    2.16852761E+03
3 11 8 8    8.40750415E+03
3 11 8 10    2.07321073E+04
3 11 9 1    6.70820393E+00
3 11 9 3    1.70762994E+02
3 11 9 5    1.51719148E+03
3 11 9 7    7.46400000E+03
3 11 9 9    2.34152919E+04
3 11 9 11    4.95530843E+04
3 11 10 2    6.48459713E+01
3 11 10 4    8.10629385E+02
3 11 10 6    5.18067081E+03
3 11 10 8    2.07321073E+04
3 11 10 10    5.61024109E+04
3 11 11 1    1.41421356E+01
3 11 11 3    3.11000000E+02
3 11 11 5    2.73664028E+03
3 11 11 7    1.42776836E+04
3 11 11 9    4.95530843E+04
3 11 11 11    1.20219452E+05
